/*--------------------------------*- C++ -*----------------------------------*\
| =========                 |                                                 |
| \\      /  F ield         | OpenFOAM: The Open Source CFD Toolbox           |
|  \\    /   O peration     | Version:  v2012                                 |
|   \\  /    A nd           | Website:  www.openfoam.com                      |
|    \\/     M anipulation  |                                                 |
\*---------------------------------------------------------------------------*/
FoamFile
{
    version     2.0;
    format      ascii;
    class       labelList;
    note        "nPoints:3636  nCells:2500  nFaces:8525  nInternalFaces:6475";
    location    "constant/polyMesh";
    object      neighbour;
}
// * * * * * * * * * * * * * * * * * * * * * * * * * * * * * * * * * * * * * //


6475
(
1
5
25
2
6
26
3
7
27
4
8
28
9
29
6
10
30
7
11
31
8
12
32
9
13
33
14
34
11
15
35
12
16
36
13
17
37
14
18
38
19
39
16
20
40
17
21
41
18
22
42
19
23
43
24
44
21
45
22
46
23
47
24
48
49
26
30
50
27
31
51
28
32
52
29
33
53
34
54
31
35
55
32
36
56
33
37
57
34
38
58
39
59
36
40
60
37
41
61
38
42
62
39
43
63
44
64
41
45
65
42
46
66
43
47
67
44
48
68
49
69
46
70
47
71
48
72
49
73
74
51
55
75
52
56
76
53
57
77
54
58
78
59
79
56
60
80
57
61
81
58
62
82
59
63
83
64
84
61
65
85
62
66
86
63
67
87
64
68
88
69
89
66
70
90
67
71
91
68
72
92
69
73
93
74
94
71
95
72
96
73
97
74
98
99
76
80
100
77
81
101
78
82
102
79
83
103
84
104
81
85
105
82
86
106
83
87
107
84
88
108
89
109
86
90
110
87
91
111
88
92
112
89
93
113
94
114
91
95
115
92
96
116
93
97
117
94
98
118
99
119
96
120
97
121
98
122
99
123
124
101
105
125
102
106
126
103
107
127
104
108
128
109
129
106
110
130
107
111
131
108
112
132
109
113
133
114
134
111
115
135
112
116
136
113
117
137
114
118
138
119
139
116
120
140
117
121
141
118
122
142
119
123
143
124
144
121
145
122
146
123
147
124
148
149
126
130
150
127
131
151
128
132
152
129
133
153
134
154
131
135
155
132
136
156
133
137
157
134
138
158
139
159
136
140
160
137
141
161
138
142
162
139
143
163
144
164
141
145
165
142
146
166
143
147
167
144
148
168
149
169
146
170
147
171
148
172
149
173
174
151
155
175
152
156
176
153
157
177
154
158
178
159
179
156
160
180
157
161
181
158
162
182
159
163
183
164
184
161
165
185
162
166
186
163
167
187
164
168
188
169
189
166
170
190
167
171
191
168
172
192
169
173
193
174
194
171
195
172
196
173
197
174
198
199
176
180
200
177
181
201
178
182
202
179
183
203
184
204
181
185
205
182
186
206
183
187
207
184
188
208
189
209
186
190
210
187
191
211
188
192
212
189
193
213
194
214
191
195
215
192
196
216
193
197
217
194
198
218
199
219
196
220
197
221
198
222
199
223
224
201
205
225
202
206
226
203
207
227
204
208
228
209
229
206
210
230
207
211
231
208
212
232
209
213
233
214
234
211
215
235
212
216
236
213
217
237
214
218
238
219
239
216
220
240
217
221
241
218
222
242
219
223
243
224
244
221
245
222
246
223
247
224
248
249
226
230
250
227
231
251
228
232
252
229
233
253
234
254
231
235
255
232
236
256
233
237
257
234
238
258
239
259
236
240
260
237
241
261
238
242
262
239
243
263
244
264
241
245
265
242
246
266
243
247
267
244
248
268
249
269
246
270
247
271
248
272
249
273
274
251
255
275
252
256
276
253
257
277
254
258
278
259
279
256
260
280
257
261
281
258
262
282
259
263
283
264
284
261
265
285
262
266
286
263
267
287
264
268
288
269
289
266
270
290
267
271
291
268
272
292
269
273
293
274
294
271
295
272
296
273
297
274
298
299
276
280
300
277
281
301
278
282
302
279
283
303
284
304
281
285
305
282
286
306
283
287
307
284
288
308
289
309
286
290
310
287
291
311
288
292
312
289
293
313
294
314
291
295
315
292
296
316
293
297
317
294
298
318
299
319
296
320
297
321
298
322
299
323
324
301
305
325
302
306
326
303
307
327
304
308
328
309
329
306
310
330
307
311
331
308
312
332
309
313
333
314
334
311
315
335
312
316
336
313
317
337
314
318
338
319
339
316
320
340
317
321
341
318
322
342
319
323
343
324
344
321
345
322
346
323
347
324
348
349
326
330
350
327
331
351
328
332
352
329
333
353
334
354
331
335
355
332
336
356
333
337
357
334
338
358
339
359
336
340
360
337
341
361
338
342
362
339
343
363
344
364
341
345
365
342
346
366
343
347
367
344
348
368
349
369
346
370
347
371
348
372
349
373
374
351
355
375
352
356
376
353
357
377
354
358
378
359
379
356
360
380
357
361
381
358
362
382
359
363
383
364
384
361
365
385
362
366
386
363
367
387
364
368
388
369
389
366
370
390
367
371
391
368
372
392
369
373
393
374
394
371
395
372
396
373
397
374
398
399
376
380
400
377
381
401
378
382
402
379
383
403
384
404
381
385
405
382
386
406
383
387
407
384
388
408
389
409
386
390
410
387
391
411
388
392
412
389
393
413
394
414
391
395
415
392
396
416
393
397
417
394
398
418
399
419
396
420
397
421
398
422
399
423
424
401
405
425
402
406
426
403
407
427
404
408
428
409
429
406
410
430
407
411
431
408
412
432
409
413
433
414
434
411
415
435
412
416
436
413
417
437
414
418
438
419
439
416
420
440
417
421
441
418
422
442
419
423
443
424
444
421
445
422
446
423
447
424
448
449
426
430
450
427
431
451
428
432
452
429
433
453
434
454
431
435
455
432
436
456
433
437
457
434
438
458
439
459
436
440
460
437
441
461
438
442
462
439
443
463
444
464
441
445
465
442
446
466
443
447
467
444
448
468
449
469
446
470
447
471
448
472
449
473
474
451
455
475
452
456
476
453
457
477
454
458
478
459
479
456
460
480
457
461
481
458
462
482
459
463
483
464
484
461
465
485
462
466
486
463
467
487
464
468
488
469
489
466
470
490
467
471
491
468
472
492
469
473
493
474
494
471
495
472
496
473
497
474
498
499
476
480
500
477
481
501
478
482
502
479
483
503
484
504
481
485
505
482
486
506
483
487
507
484
488
508
489
509
486
490
510
487
491
511
488
492
512
489
493
513
494
514
491
495
515
492
496
516
493
497
517
494
498
518
499
519
496
520
497
521
498
522
499
523
524
501
505
525
502
506
526
503
507
527
504
508
528
509
529
506
510
530
507
511
531
508
512
532
509
513
533
514
534
511
515
535
512
516
536
513
517
537
514
518
538
519
539
516
520
540
517
521
541
518
522
542
519
523
543
524
544
521
545
522
546
523
547
524
548
549
526
530
550
527
531
551
528
532
552
529
533
553
534
554
531
535
555
532
536
556
533
537
557
534
538
558
539
559
536
540
560
537
541
561
538
542
562
539
543
563
544
564
541
545
565
542
546
566
543
547
567
544
548
568
549
569
546
570
547
571
548
572
549
573
574
551
555
575
552
556
576
553
557
577
554
558
578
559
579
556
560
580
557
561
581
558
562
582
559
563
583
564
584
561
565
585
562
566
586
563
567
587
564
568
588
569
589
566
570
590
567
571
591
568
572
592
569
573
593
574
594
571
595
572
596
573
597
574
598
599
576
580
600
577
581
601
578
582
602
579
583
603
584
604
581
585
605
582
586
606
583
587
607
584
588
608
589
609
586
590
610
587
591
611
588
592
612
589
593
613
594
614
591
595
615
592
596
616
593
597
617
594
598
618
599
619
596
620
597
621
598
622
599
623
624
601
605
625
602
606
626
603
607
627
604
608
628
609
629
606
610
630
607
611
631
608
612
632
609
613
633
614
634
611
615
635
612
616
636
613
617
637
614
618
638
619
639
616
620
640
617
621
641
618
622
642
619
623
643
624
644
621
645
622
646
623
647
624
648
649
626
630
650
627
631
651
628
632
652
629
633
653
634
654
631
635
655
632
636
656
633
637
657
634
638
658
639
659
636
640
660
637
641
661
638
642
662
639
643
663
644
664
641
645
665
642
646
666
643
647
667
644
648
668
649
669
646
670
647
671
648
672
649
673
674
651
655
675
652
656
676
653
657
677
654
658
678
659
679
656
660
680
657
661
681
658
662
682
659
663
683
664
684
661
665
685
662
666
686
663
667
687
664
668
688
669
689
666
670
690
667
671
691
668
672
692
669
673
693
674
694
671
695
672
696
673
697
674
698
699
676
680
700
677
681
701
678
682
702
679
683
703
684
704
681
685
705
682
686
706
683
687
707
684
688
708
689
709
686
690
710
687
691
711
688
692
712
689
693
713
694
714
691
695
715
692
696
716
693
697
717
694
698
718
699
719
696
720
697
721
698
722
699
723
724
701
705
725
702
706
726
703
707
727
704
708
728
709
729
706
710
730
707
711
731
708
712
732
709
713
733
714
734
711
715
735
712
716
736
713
717
737
714
718
738
719
739
716
720
740
717
721
741
718
722
742
719
723
743
724
744
721
745
722
746
723
747
724
748
749
726
730
750
727
731
751
728
732
752
729
733
753
734
754
731
735
755
732
736
756
733
737
757
734
738
758
739
759
736
740
760
737
741
761
738
742
762
739
743
763
744
764
741
745
765
742
746
766
743
747
767
744
748
768
749
769
746
770
747
771
748
772
749
773
774
751
755
775
752
756
776
753
757
777
754
758
778
759
779
756
760
780
757
761
781
758
762
782
759
763
783
764
784
761
765
785
762
766
786
763
767
787
764
768
788
769
789
766
770
790
767
771
791
768
772
792
769
773
793
774
794
771
795
772
796
773
797
774
798
799
776
780
800
777
781
801
778
782
802
779
783
803
784
804
781
785
805
782
786
806
783
787
807
784
788
808
789
809
786
790
810
787
791
811
788
792
812
789
793
813
794
814
791
795
815
792
796
816
793
797
817
794
798
818
799
819
796
820
797
821
798
822
799
823
824
801
805
825
802
806
826
803
807
827
804
808
828
809
829
806
810
830
807
811
831
808
812
832
809
813
833
814
834
811
815
835
812
816
836
813
817
837
814
818
838
819
839
816
820
840
817
821
841
818
822
842
819
823
843
824
844
821
845
822
846
823
847
824
848
849
826
830
850
827
831
851
828
832
852
829
833
853
834
854
831
835
855
832
836
856
833
837
857
834
838
858
839
859
836
840
860
837
841
861
838
842
862
839
843
863
844
864
841
845
865
842
846
866
843
847
867
844
848
868
849
869
846
870
847
871
848
872
849
873
874
851
855
875
852
856
876
853
857
877
854
858
878
859
879
856
860
880
857
861
881
858
862
882
859
863
883
864
884
861
865
885
862
866
886
863
867
887
864
868
888
869
889
866
870
890
867
871
891
868
872
892
869
873
893
874
894
871
895
872
896
873
897
874
898
899
876
880
900
877
881
901
878
882
902
879
883
903
884
904
881
885
905
882
886
906
883
887
907
884
888
908
889
909
886
890
910
887
891
911
888
892
912
889
893
913
894
914
891
895
915
892
896
916
893
897
917
894
898
918
899
919
896
920
897
921
898
922
899
923
924
901
905
925
902
906
926
903
907
927
904
908
928
909
929
906
910
930
907
911
931
908
912
932
909
913
933
914
934
911
915
935
912
916
936
913
917
937
914
918
938
919
939
916
920
940
917
921
941
918
922
942
919
923
943
924
944
921
945
922
946
923
947
924
948
949
926
930
950
927
931
951
928
932
952
929
933
953
934
954
931
935
955
932
936
956
933
937
957
934
938
958
939
959
936
940
960
937
941
961
938
942
962
939
943
963
944
964
941
945
965
942
946
966
943
947
967
944
948
968
949
969
946
970
947
971
948
972
949
973
974
951
955
975
952
956
976
953
957
977
954
958
978
959
979
956
960
980
957
961
981
958
962
982
959
963
983
964
984
961
965
985
962
966
986
963
967
987
964
968
988
969
989
966
970
990
967
971
991
968
972
992
969
973
993
974
994
971
995
972
996
973
997
974
998
999
976
980
1000
977
981
1001
978
982
1002
979
983
1003
984
1004
981
985
1005
982
986
1006
983
987
1007
984
988
1008
989
1009
986
990
1010
987
991
1011
988
992
1012
989
993
1013
994
1014
991
995
1015
992
996
1016
993
997
1017
994
998
1018
999
1019
996
1020
997
1021
998
1022
999
1023
1024
1001
1005
1025
1002
1006
1026
1003
1007
1027
1004
1008
1028
1009
1029
1006
1010
1030
1007
1011
1031
1008
1012
1032
1009
1013
1033
1014
1034
1011
1015
1035
1012
1016
1036
1013
1017
1037
1014
1018
1038
1019
1039
1016
1020
1040
1017
1021
1041
1018
1022
1042
1019
1023
1043
1024
1044
1021
1045
1022
1046
1023
1047
1024
1048
1049
1026
1030
1050
1027
1031
1051
1028
1032
1052
1029
1033
1053
1034
1054
1031
1035
1055
1032
1036
1056
1033
1037
1057
1034
1038
1058
1039
1059
1036
1040
1060
1037
1041
1061
1038
1042
1062
1039
1043
1063
1044
1064
1041
1045
1065
1042
1046
1066
1043
1047
1067
1044
1048
1068
1049
1069
1046
1070
1047
1071
1048
1072
1049
1073
1074
1051
1055
1075
1052
1056
1076
1053
1057
1077
1054
1058
1078
1059
1079
1056
1060
1080
1057
1061
1081
1058
1062
1082
1059
1063
1083
1064
1084
1061
1065
1085
1062
1066
1086
1063
1067
1087
1064
1068
1088
1069
1089
1066
1070
1090
1067
1071
1091
1068
1072
1092
1069
1073
1093
1074
1094
1071
1095
1072
1096
1073
1097
1074
1098
1099
1076
1080
1100
1077
1081
1101
1078
1082
1102
1079
1083
1103
1084
1104
1081
1085
1105
1082
1086
1106
1083
1087
1107
1084
1088
1108
1089
1109
1086
1090
1110
1087
1091
1111
1088
1092
1112
1089
1093
1113
1094
1114
1091
1095
1115
1092
1096
1116
1093
1097
1117
1094
1098
1118
1099
1119
1096
1120
1097
1121
1098
1122
1099
1123
1124
1101
1105
1125
1102
1106
1126
1103
1107
1127
1104
1108
1128
1109
1129
1106
1110
1130
1107
1111
1131
1108
1112
1132
1109
1113
1133
1114
1134
1111
1115
1135
1112
1116
1136
1113
1117
1137
1114
1118
1138
1119
1139
1116
1120
1140
1117
1121
1141
1118
1122
1142
1119
1123
1143
1124
1144
1121
1145
1122
1146
1123
1147
1124
1148
1149
1126
1130
1150
1127
1131
1151
1128
1132
1152
1129
1133
1153
1134
1154
1131
1135
1155
1132
1136
1156
1133
1137
1157
1134
1138
1158
1139
1159
1136
1140
1160
1137
1141
1161
1138
1142
1162
1139
1143
1163
1144
1164
1141
1145
1165
1142
1146
1166
1143
1147
1167
1144
1148
1168
1149
1169
1146
1170
1147
1171
1148
1172
1149
1173
1174
1151
1155
1175
1152
1156
1176
1153
1157
1177
1154
1158
1178
1159
1179
1156
1160
1180
1157
1161
1181
1158
1162
1182
1159
1163
1183
1164
1184
1161
1165
1185
1162
1166
1186
1163
1167
1187
1164
1168
1188
1169
1189
1166
1170
1190
1167
1171
1191
1168
1172
1192
1169
1173
1193
1174
1194
1171
1195
1172
1196
1173
1197
1174
1198
1199
1176
1180
1200
1177
1181
1201
1178
1182
1202
1179
1183
1203
1184
1204
1181
1185
1205
1182
1186
1206
1183
1187
1207
1184
1188
1208
1189
1209
1186
1190
1210
1187
1191
1211
1188
1192
1212
1189
1193
1213
1194
1214
1191
1195
1215
1192
1196
1216
1193
1197
1217
1194
1198
1218
1199
1219
1196
1220
1197
1221
1198
1222
1199
1223
1224
1201
1205
1225
1202
1206
1226
1203
1207
1227
1204
1208
1228
1209
1229
1206
1210
1230
1207
1211
1231
1208
1212
1232
1209
1213
1233
1214
1234
1211
1215
1235
1212
1216
1236
1213
1217
1237
1214
1218
1238
1219
1239
1216
1220
1240
1217
1221
1241
1218
1222
1242
1219
1223
1243
1224
1244
1221
1245
1222
1246
1223
1247
1224
1248
1249
1226
1230
1250
1227
1231
1251
1228
1232
1252
1229
1233
1253
1234
1254
1231
1235
1255
1232
1236
1256
1233
1237
1257
1234
1238
1258
1239
1259
1236
1240
1260
1237
1241
1261
1238
1242
1262
1239
1243
1263
1244
1264
1241
1245
1265
1242
1246
1266
1243
1247
1267
1244
1248
1268
1249
1269
1246
1270
1247
1271
1248
1272
1249
1273
1274
1251
1255
1275
1252
1256
1276
1253
1257
1277
1254
1258
1278
1259
1279
1256
1260
1280
1257
1261
1281
1258
1262
1282
1259
1263
1283
1264
1284
1261
1265
1285
1262
1266
1286
1263
1267
1287
1264
1268
1288
1269
1289
1266
1270
1290
1267
1271
1291
1268
1272
1292
1269
1273
1293
1274
1294
1271
1295
1272
1296
1273
1297
1274
1298
1299
1276
1280
1300
1277
1281
1301
1278
1282
1302
1279
1283
1303
1284
1304
1281
1285
1305
1282
1286
1306
1283
1287
1307
1284
1288
1308
1289
1309
1286
1290
1310
1287
1291
1311
1288
1292
1312
1289
1293
1313
1294
1314
1291
1295
1315
1292
1296
1316
1293
1297
1317
1294
1298
1318
1299
1319
1296
1320
1297
1321
1298
1322
1299
1323
1324
1301
1305
1325
1302
1306
1326
1303
1307
1327
1304
1308
1328
1309
1329
1306
1310
1330
1307
1311
1331
1308
1312
1332
1309
1313
1333
1314
1334
1311
1315
1335
1312
1316
1336
1313
1317
1337
1314
1318
1338
1319
1339
1316
1320
1340
1317
1321
1341
1318
1322
1342
1319
1323
1343
1324
1344
1321
1345
1322
1346
1323
1347
1324
1348
1349
1326
1330
1350
1327
1331
1351
1328
1332
1352
1329
1333
1353
1334
1354
1331
1335
1355
1332
1336
1356
1333
1337
1357
1334
1338
1358
1339
1359
1336
1340
1360
1337
1341
1361
1338
1342
1362
1339
1343
1363
1344
1364
1341
1345
1365
1342
1346
1366
1343
1347
1367
1344
1348
1368
1349
1369
1346
1370
1347
1371
1348
1372
1349
1373
1374
1351
1355
1375
1352
1356
1376
1353
1357
1377
1354
1358
1378
1359
1379
1356
1360
1380
1357
1361
1381
1358
1362
1382
1359
1363
1383
1364
1384
1361
1365
1385
1362
1366
1386
1363
1367
1387
1364
1368
1388
1369
1389
1366
1370
1390
1367
1371
1391
1368
1372
1392
1369
1373
1393
1374
1394
1371
1395
1372
1396
1373
1397
1374
1398
1399
1376
1380
1400
1377
1381
1401
1378
1382
1402
1379
1383
1403
1384
1404
1381
1385
1405
1382
1386
1406
1383
1387
1407
1384
1388
1408
1389
1409
1386
1390
1410
1387
1391
1411
1388
1392
1412
1389
1393
1413
1394
1414
1391
1395
1415
1392
1396
1416
1393
1397
1417
1394
1398
1418
1399
1419
1396
1420
1397
1421
1398
1422
1399
1423
1424
1401
1405
1425
1402
1406
1426
1403
1407
1427
1404
1408
1428
1409
1429
1406
1410
1430
1407
1411
1431
1408
1412
1432
1409
1413
1433
1414
1434
1411
1415
1435
1412
1416
1436
1413
1417
1437
1414
1418
1438
1419
1439
1416
1420
1440
1417
1421
1441
1418
1422
1442
1419
1423
1443
1424
1444
1421
1445
1422
1446
1423
1447
1424
1448
1449
1426
1430
1450
1427
1431
1451
1428
1432
1452
1429
1433
1453
1434
1454
1431
1435
1455
1432
1436
1456
1433
1437
1457
1434
1438
1458
1439
1459
1436
1440
1460
1437
1441
1461
1438
1442
1462
1439
1443
1463
1444
1464
1441
1445
1465
1442
1446
1466
1443
1447
1467
1444
1448
1468
1449
1469
1446
1470
1447
1471
1448
1472
1449
1473
1474
1451
1455
1475
1452
1456
1476
1453
1457
1477
1454
1458
1478
1459
1479
1456
1460
1480
1457
1461
1481
1458
1462
1482
1459
1463
1483
1464
1484
1461
1465
1485
1462
1466
1486
1463
1467
1487
1464
1468
1488
1469
1489
1466
1470
1490
1467
1471
1491
1468
1472
1492
1469
1473
1493
1474
1494
1471
1495
1472
1496
1473
1497
1474
1498
1499
1476
1480
1500
1477
1481
1501
1478
1482
1502
1479
1483
1503
1484
1504
1481
1485
1505
1482
1486
1506
1483
1487
1507
1484
1488
1508
1489
1509
1486
1490
1510
1487
1491
1511
1488
1492
1512
1489
1493
1513
1494
1514
1491
1495
1515
1492
1496
1516
1493
1497
1517
1494
1498
1518
1499
1519
1496
1520
1497
1521
1498
1522
1499
1523
1524
1501
1505
1525
1502
1506
1526
1503
1507
1527
1504
1508
1528
1509
1529
1506
1510
1530
1507
1511
1531
1508
1512
1532
1509
1513
1533
1514
1534
1511
1515
1535
1512
1516
1536
1513
1517
1537
1514
1518
1538
1519
1539
1516
1520
1540
1517
1521
1541
1518
1522
1542
1519
1523
1543
1524
1544
1521
1545
1522
1546
1523
1547
1524
1548
1549
1526
1530
1550
1527
1531
1551
1528
1532
1552
1529
1533
1553
1534
1554
1531
1535
1555
1532
1536
1556
1533
1537
1557
1534
1538
1558
1539
1559
1536
1540
1560
1537
1541
1561
1538
1542
1562
1539
1543
1563
1544
1564
1541
1545
1565
1542
1546
1566
1543
1547
1567
1544
1548
1568
1549
1569
1546
1570
1547
1571
1548
1572
1549
1573
1574
1551
1555
1575
1552
1556
1576
1553
1557
1577
1554
1558
1578
1559
1579
1556
1560
1580
1557
1561
1581
1558
1562
1582
1559
1563
1583
1564
1584
1561
1565
1585
1562
1566
1586
1563
1567
1587
1564
1568
1588
1569
1589
1566
1570
1590
1567
1571
1591
1568
1572
1592
1569
1573
1593
1574
1594
1571
1595
1572
1596
1573
1597
1574
1598
1599
1576
1580
1600
1577
1581
1601
1578
1582
1602
1579
1583
1603
1584
1604
1581
1585
1605
1582
1586
1606
1583
1587
1607
1584
1588
1608
1589
1609
1586
1590
1610
1587
1591
1611
1588
1592
1612
1589
1593
1613
1594
1614
1591
1595
1615
1592
1596
1616
1593
1597
1617
1594
1598
1618
1599
1619
1596
1620
1597
1621
1598
1622
1599
1623
1624
1601
1605
1625
1602
1606
1626
1603
1607
1627
1604
1608
1628
1609
1629
1606
1610
1630
1607
1611
1631
1608
1612
1632
1609
1613
1633
1614
1634
1611
1615
1635
1612
1616
1636
1613
1617
1637
1614
1618
1638
1619
1639
1616
1620
1640
1617
1621
1641
1618
1622
1642
1619
1623
1643
1624
1644
1621
1645
1622
1646
1623
1647
1624
1648
1649
1626
1630
1650
1627
1631
1651
1628
1632
1652
1629
1633
1653
1634
1654
1631
1635
1655
1632
1636
1656
1633
1637
1657
1634
1638
1658
1639
1659
1636
1640
1660
1637
1641
1661
1638
1642
1662
1639
1643
1663
1644
1664
1641
1645
1665
1642
1646
1666
1643
1647
1667
1644
1648
1668
1649
1669
1646
1670
1647
1671
1648
1672
1649
1673
1674
1651
1655
1675
1652
1656
1676
1653
1657
1677
1654
1658
1678
1659
1679
1656
1660
1680
1657
1661
1681
1658
1662
1682
1659
1663
1683
1664
1684
1661
1665
1685
1662
1666
1686
1663
1667
1687
1664
1668
1688
1669
1689
1666
1670
1690
1667
1671
1691
1668
1672
1692
1669
1673
1693
1674
1694
1671
1695
1672
1696
1673
1697
1674
1698
1699
1676
1680
1700
1677
1681
1701
1678
1682
1702
1679
1683
1703
1684
1704
1681
1685
1705
1682
1686
1706
1683
1687
1707
1684
1688
1708
1689
1709
1686
1690
1710
1687
1691
1711
1688
1692
1712
1689
1693
1713
1694
1714
1691
1695
1715
1692
1696
1716
1693
1697
1717
1694
1698
1718
1699
1719
1696
1720
1697
1721
1698
1722
1699
1723
1724
1701
1705
1725
1702
1706
1726
1703
1707
1727
1704
1708
1728
1709
1729
1706
1710
1730
1707
1711
1731
1708
1712
1732
1709
1713
1733
1714
1734
1711
1715
1735
1712
1716
1736
1713
1717
1737
1714
1718
1738
1719
1739
1716
1720
1740
1717
1721
1741
1718
1722
1742
1719
1723
1743
1724
1744
1721
1745
1722
1746
1723
1747
1724
1748
1749
1726
1730
1750
1727
1731
1751
1728
1732
1752
1729
1733
1753
1734
1754
1731
1735
1755
1732
1736
1756
1733
1737
1757
1734
1738
1758
1739
1759
1736
1740
1760
1737
1741
1761
1738
1742
1762
1739
1743
1763
1744
1764
1741
1745
1765
1742
1746
1766
1743
1747
1767
1744
1748
1768
1749
1769
1746
1770
1747
1771
1748
1772
1749
1773
1774
1751
1755
1775
1752
1756
1776
1753
1757
1777
1754
1758
1778
1759
1779
1756
1760
1780
1757
1761
1781
1758
1762
1782
1759
1763
1783
1764
1784
1761
1765
1785
1762
1766
1786
1763
1767
1787
1764
1768
1788
1769
1789
1766
1770
1790
1767
1771
1791
1768
1772
1792
1769
1773
1793
1774
1794
1771
1795
1772
1796
1773
1797
1774
1798
1799
1776
1780
1800
1777
1781
1801
1778
1782
1802
1779
1783
1803
1784
1804
1781
1785
1805
1782
1786
1806
1783
1787
1807
1784
1788
1808
1789
1809
1786
1790
1810
1787
1791
1811
1788
1792
1812
1789
1793
1813
1794
1814
1791
1795
1815
1792
1796
1816
1793
1797
1817
1794
1798
1818
1799
1819
1796
1820
1797
1821
1798
1822
1799
1823
1824
1801
1805
1825
1802
1806
1826
1803
1807
1827
1804
1808
1828
1809
1829
1806
1810
1830
1807
1811
1831
1808
1812
1832
1809
1813
1833
1814
1834
1811
1815
1835
1812
1816
1836
1813
1817
1837
1814
1818
1838
1819
1839
1816
1820
1840
1817
1821
1841
1818
1822
1842
1819
1823
1843
1824
1844
1821
1845
1822
1846
1823
1847
1824
1848
1849
1826
1830
1850
1827
1831
1851
1828
1832
1852
1829
1833
1853
1834
1854
1831
1835
1855
1832
1836
1856
1833
1837
1857
1834
1838
1858
1839
1859
1836
1840
1860
1837
1841
1861
1838
1842
1862
1839
1843
1863
1844
1864
1841
1845
1865
1842
1846
1866
1843
1847
1867
1844
1848
1868
1849
1869
1846
1870
1847
1871
1848
1872
1849
1873
1874
1851
1855
1875
1852
1856
1876
1853
1857
1877
1854
1858
1878
1859
1879
1856
1860
1880
1857
1861
1881
1858
1862
1882
1859
1863
1883
1864
1884
1861
1865
1885
1862
1866
1886
1863
1867
1887
1864
1868
1888
1869
1889
1866
1870
1890
1867
1871
1891
1868
1872
1892
1869
1873
1893
1874
1894
1871
1895
1872
1896
1873
1897
1874
1898
1899
1876
1880
1900
1877
1881
1901
1878
1882
1902
1879
1883
1903
1884
1904
1881
1885
1905
1882
1886
1906
1883
1887
1907
1884
1888
1908
1889
1909
1886
1890
1910
1887
1891
1911
1888
1892
1912
1889
1893
1913
1894
1914
1891
1895
1915
1892
1896
1916
1893
1897
1917
1894
1898
1918
1899
1919
1896
1920
1897
1921
1898
1922
1899
1923
1924
1901
1905
1925
1902
1906
1926
1903
1907
1927
1904
1908
1928
1909
1929
1906
1910
1930
1907
1911
1931
1908
1912
1932
1909
1913
1933
1914
1934
1911
1915
1935
1912
1916
1936
1913
1917
1937
1914
1918
1938
1919
1939
1916
1920
1940
1917
1921
1941
1918
1922
1942
1919
1923
1943
1924
1944
1921
1945
1922
1946
1923
1947
1924
1948
1949
1926
1930
1950
1927
1931
1951
1928
1932
1952
1929
1933
1953
1934
1954
1931
1935
1955
1932
1936
1956
1933
1937
1957
1934
1938
1958
1939
1959
1936
1940
1960
1937
1941
1961
1938
1942
1962
1939
1943
1963
1944
1964
1941
1945
1965
1942
1946
1966
1943
1947
1967
1944
1948
1968
1949
1969
1946
1970
1947
1971
1948
1972
1949
1973
1974
1951
1955
1975
1952
1956
1976
1953
1957
1977
1954
1958
1978
1959
1979
1956
1960
1980
1957
1961
1981
1958
1962
1982
1959
1963
1983
1964
1984
1961
1965
1985
1962
1966
1986
1963
1967
1987
1964
1968
1988
1969
1989
1966
1970
1990
1967
1971
1991
1968
1972
1992
1969
1973
1993
1974
1994
1971
1995
1972
1996
1973
1997
1974
1998
1999
1976
1980
2000
1977
1981
2001
1978
1982
2002
1979
1983
2003
1984
2004
1981
1985
2005
1982
1986
2006
1983
1987
2007
1984
1988
2008
1989
2009
1986
1990
2010
1987
1991
2011
1988
1992
2012
1989
1993
2013
1994
2014
1991
1995
2015
1992
1996
2016
1993
1997
2017
1994
1998
2018
1999
2019
1996
2020
1997
2021
1998
2022
1999
2023
2024
2001
2005
2025
2002
2006
2026
2003
2007
2027
2004
2008
2028
2009
2029
2006
2010
2030
2007
2011
2031
2008
2012
2032
2009
2013
2033
2014
2034
2011
2015
2035
2012
2016
2036
2013
2017
2037
2014
2018
2038
2019
2039
2016
2020
2040
2017
2021
2041
2018
2022
2042
2019
2023
2043
2024
2044
2021
2045
2022
2046
2023
2047
2024
2048
2049
2026
2030
2050
2027
2031
2051
2028
2032
2052
2029
2033
2053
2034
2054
2031
2035
2055
2032
2036
2056
2033
2037
2057
2034
2038
2058
2039
2059
2036
2040
2060
2037
2041
2061
2038
2042
2062
2039
2043
2063
2044
2064
2041
2045
2065
2042
2046
2066
2043
2047
2067
2044
2048
2068
2049
2069
2046
2070
2047
2071
2048
2072
2049
2073
2074
2051
2055
2075
2052
2056
2076
2053
2057
2077
2054
2058
2078
2059
2079
2056
2060
2080
2057
2061
2081
2058
2062
2082
2059
2063
2083
2064
2084
2061
2065
2085
2062
2066
2086
2063
2067
2087
2064
2068
2088
2069
2089
2066
2070
2090
2067
2071
2091
2068
2072
2092
2069
2073
2093
2074
2094
2071
2095
2072
2096
2073
2097
2074
2098
2099
2076
2080
2100
2077
2081
2101
2078
2082
2102
2079
2083
2103
2084
2104
2081
2085
2105
2082
2086
2106
2083
2087
2107
2084
2088
2108
2089
2109
2086
2090
2110
2087
2091
2111
2088
2092
2112
2089
2093
2113
2094
2114
2091
2095
2115
2092
2096
2116
2093
2097
2117
2094
2098
2118
2099
2119
2096
2120
2097
2121
2098
2122
2099
2123
2124
2101
2105
2125
2102
2106
2126
2103
2107
2127
2104
2108
2128
2109
2129
2106
2110
2130
2107
2111
2131
2108
2112
2132
2109
2113
2133
2114
2134
2111
2115
2135
2112
2116
2136
2113
2117
2137
2114
2118
2138
2119
2139
2116
2120
2140
2117
2121
2141
2118
2122
2142
2119
2123
2143
2124
2144
2121
2145
2122
2146
2123
2147
2124
2148
2149
2126
2130
2150
2127
2131
2151
2128
2132
2152
2129
2133
2153
2134
2154
2131
2135
2155
2132
2136
2156
2133
2137
2157
2134
2138
2158
2139
2159
2136
2140
2160
2137
2141
2161
2138
2142
2162
2139
2143
2163
2144
2164
2141
2145
2165
2142
2146
2166
2143
2147
2167
2144
2148
2168
2149
2169
2146
2170
2147
2171
2148
2172
2149
2173
2174
2151
2155
2175
2152
2156
2176
2153
2157
2177
2154
2158
2178
2159
2179
2156
2160
2180
2157
2161
2181
2158
2162
2182
2159
2163
2183
2164
2184
2161
2165
2185
2162
2166
2186
2163
2167
2187
2164
2168
2188
2169
2189
2166
2170
2190
2167
2171
2191
2168
2172
2192
2169
2173
2193
2174
2194
2171
2195
2172
2196
2173
2197
2174
2198
2199
2176
2180
2200
2177
2181
2201
2178
2182
2202
2179
2183
2203
2184
2204
2181
2185
2205
2182
2186
2206
2183
2187
2207
2184
2188
2208
2189
2209
2186
2190
2210
2187
2191
2211
2188
2192
2212
2189
2193
2213
2194
2214
2191
2195
2215
2192
2196
2216
2193
2197
2217
2194
2198
2218
2199
2219
2196
2220
2197
2221
2198
2222
2199
2223
2224
2201
2205
2225
2202
2206
2226
2203
2207
2227
2204
2208
2228
2209
2229
2206
2210
2230
2207
2211
2231
2208
2212
2232
2209
2213
2233
2214
2234
2211
2215
2235
2212
2216
2236
2213
2217
2237
2214
2218
2238
2219
2239
2216
2220
2240
2217
2221
2241
2218
2222
2242
2219
2223
2243
2224
2244
2221
2245
2222
2246
2223
2247
2224
2248
2249
2226
2230
2250
2227
2231
2251
2228
2232
2252
2229
2233
2253
2234
2254
2231
2235
2255
2232
2236
2256
2233
2237
2257
2234
2238
2258
2239
2259
2236
2240
2260
2237
2241
2261
2238
2242
2262
2239
2243
2263
2244
2264
2241
2245
2265
2242
2246
2266
2243
2247
2267
2244
2248
2268
2249
2269
2246
2270
2247
2271
2248
2272
2249
2273
2274
2251
2255
2275
2252
2256
2276
2253
2257
2277
2254
2258
2278
2259
2279
2256
2260
2280
2257
2261
2281
2258
2262
2282
2259
2263
2283
2264
2284
2261
2265
2285
2262
2266
2286
2263
2267
2287
2264
2268
2288
2269
2289
2266
2270
2290
2267
2271
2291
2268
2272
2292
2269
2273
2293
2274
2294
2271
2295
2272
2296
2273
2297
2274
2298
2299
2276
2280
2300
2277
2281
2301
2278
2282
2302
2279
2283
2303
2284
2304
2281
2285
2305
2282
2286
2306
2283
2287
2307
2284
2288
2308
2289
2309
2286
2290
2310
2287
2291
2311
2288
2292
2312
2289
2293
2313
2294
2314
2291
2295
2315
2292
2296
2316
2293
2297
2317
2294
2298
2318
2299
2319
2296
2320
2297
2321
2298
2322
2299
2323
2324
2301
2305
2325
2302
2306
2326
2303
2307
2327
2304
2308
2328
2309
2329
2306
2310
2330
2307
2311
2331
2308
2312
2332
2309
2313
2333
2314
2334
2311
2315
2335
2312
2316
2336
2313
2317
2337
2314
2318
2338
2319
2339
2316
2320
2340
2317
2321
2341
2318
2322
2342
2319
2323
2343
2324
2344
2321
2345
2322
2346
2323
2347
2324
2348
2349
2326
2330
2350
2327
2331
2351
2328
2332
2352
2329
2333
2353
2334
2354
2331
2335
2355
2332
2336
2356
2333
2337
2357
2334
2338
2358
2339
2359
2336
2340
2360
2337
2341
2361
2338
2342
2362
2339
2343
2363
2344
2364
2341
2345
2365
2342
2346
2366
2343
2347
2367
2344
2348
2368
2349
2369
2346
2370
2347
2371
2348
2372
2349
2373
2374
2351
2355
2375
2352
2356
2376
2353
2357
2377
2354
2358
2378
2359
2379
2356
2360
2380
2357
2361
2381
2358
2362
2382
2359
2363
2383
2364
2384
2361
2365
2385
2362
2366
2386
2363
2367
2387
2364
2368
2388
2369
2389
2366
2370
2390
2367
2371
2391
2368
2372
2392
2369
2373
2393
2374
2394
2371
2395
2372
2396
2373
2397
2374
2398
2399
2376
2380
2400
2377
2381
2401
2378
2382
2402
2379
2383
2403
2384
2404
2381
2385
2405
2382
2386
2406
2383
2387
2407
2384
2388
2408
2389
2409
2386
2390
2410
2387
2391
2411
2388
2392
2412
2389
2393
2413
2394
2414
2391
2395
2415
2392
2396
2416
2393
2397
2417
2394
2398
2418
2399
2419
2396
2420
2397
2421
2398
2422
2399
2423
2424
2401
2405
2425
2402
2406
2426
2403
2407
2427
2404
2408
2428
2409
2429
2406
2410
2430
2407
2411
2431
2408
2412
2432
2409
2413
2433
2414
2434
2411
2415
2435
2412
2416
2436
2413
2417
2437
2414
2418
2438
2419
2439
2416
2420
2440
2417
2421
2441
2418
2422
2442
2419
2423
2443
2424
2444
2421
2445
2422
2446
2423
2447
2424
2448
2449
2426
2430
2450
2427
2431
2451
2428
2432
2452
2429
2433
2453
2434
2454
2431
2435
2455
2432
2436
2456
2433
2437
2457
2434
2438
2458
2439
2459
2436
2440
2460
2437
2441
2461
2438
2442
2462
2439
2443
2463
2444
2464
2441
2445
2465
2442
2446
2466
2443
2447
2467
2444
2448
2468
2449
2469
2446
2470
2447
2471
2448
2472
2449
2473
2474
2451
2455
2475
2452
2456
2476
2453
2457
2477
2454
2458
2478
2459
2479
2456
2460
2480
2457
2461
2481
2458
2462
2482
2459
2463
2483
2464
2484
2461
2465
2485
2462
2466
2486
2463
2467
2487
2464
2468
2488
2469
2489
2466
2470
2490
2467
2471
2491
2468
2472
2492
2469
2473
2493
2474
2494
2471
2495
2472
2496
2473
2497
2474
2498
2499
2476
2480
2477
2481
2478
2482
2479
2483
2484
2481
2485
2482
2486
2483
2487
2484
2488
2489
2486
2490
2487
2491
2488
2492
2489
2493
2494
2491
2495
2492
2496
2493
2497
2494
2498
2499
2496
2497
2498
2499
)


// ************************************************************************* //
