/*--------------------------------*- C++ -*----------------------------------*\
| =========                 |                                                 |
| \\      /  F ield         | OpenFOAM: The Open Source CFD Toolbox           |
|  \\    /   O peration     | Version:  v2012                                 |
|   \\  /    A nd           | Website:  www.openfoam.com                      |
|    \\/     M anipulation  |                                                 |
\*---------------------------------------------------------------------------*/
FoamFile
{
    version     2.0;
    format      ascii;
    class       vectorField;
    location    "constant/polyMesh";
    object      points;
}
// * * * * * * * * * * * * * * * * * * * * * * * * * * * * * * * * * * * * * //


3636
(
(-1 -1 -1)
(-0.6 -1 -1)
(-0.2 -1 -1)
(0.2 -1 -1)
(0.6 -1 -1)
(1 -1 -1)
(-1 -0.6 -1)
(-0.6 -0.6 -1)
(-0.2 -0.6 -1)
(0.2 -0.6 -1)
(0.6 -0.6 -1)
(1 -0.6 -1)
(-1 -0.2 -1)
(-0.6 -0.2 -1)
(-0.2 -0.2 -1)
(0.2 -0.2 -1)
(0.6 -0.2 -1)
(1 -0.2 -1)
(-1 0.2 -1)
(-0.6 0.2 -1)
(-0.2 0.2 -1)
(0.2 0.2 -1)
(0.6 0.2 -1)
(1 0.2 -1)
(-1 0.6 -1)
(-0.6 0.6 -1)
(-0.2 0.6 -1)
(0.2 0.6 -1)
(0.6 0.6 -1)
(1 0.6 -1)
(-1 1 -1)
(-0.6 1 -1)
(-0.2 1 -1)
(0.2 1 -1)
(0.6 1 -1)
(1 1 -1)
(-1 -1 -0.58)
(-0.6 -1 -0.58)
(-0.2 -1 -0.58)
(0.2 -1 -0.58)
(0.6 -1 -0.58)
(1 -1 -0.58)
(-1 -0.6 -0.58)
(-0.6 -0.6 -0.58)
(-0.2 -0.6 -0.58)
(0.2 -0.6 -0.58)
(0.6 -0.6 -0.58)
(1 -0.6 -0.58)
(-1 -0.2 -0.58)
(-0.6 -0.2 -0.58)
(-0.2 -0.2 -0.58)
(0.2 -0.2 -0.58)
(0.6 -0.2 -0.58)
(1 -0.2 -0.58)
(-1 0.2 -0.58)
(-0.6 0.2 -0.58)
(-0.2 0.2 -0.58)
(0.2 0.2 -0.58)
(0.6 0.2 -0.58)
(1 0.2 -0.58)
(-1 0.6 -0.58)
(-0.6 0.6 -0.58)
(-0.2 0.6 -0.58)
(0.2 0.6 -0.58)
(0.6 0.6 -0.58)
(1 0.6 -0.58)
(-1 1 -0.58)
(-0.6 1 -0.58)
(-0.2 1 -0.58)
(0.2 1 -0.58)
(0.6 1 -0.58)
(1 1 -0.58)
(-1 -1 -0.16)
(-0.6 -1 -0.16)
(-0.2 -1 -0.16)
(0.2 -1 -0.16)
(0.6 -1 -0.16)
(1 -1 -0.16)
(-1 -0.6 -0.16)
(-0.6 -0.6 -0.16)
(-0.2 -0.6 -0.16)
(0.2 -0.6 -0.16)
(0.6 -0.6 -0.16)
(1 -0.6 -0.16)
(-1 -0.2 -0.16)
(-0.6 -0.2 -0.16)
(-0.2 -0.2 -0.16)
(0.2 -0.2 -0.16)
(0.6 -0.2 -0.16)
(1 -0.2 -0.16)
(-1 0.2 -0.16)
(-0.6 0.2 -0.16)
(-0.2 0.2 -0.16)
(0.2 0.2 -0.16)
(0.6 0.2 -0.16)
(1 0.2 -0.16)
(-1 0.6 -0.16)
(-0.6 0.6 -0.16)
(-0.2 0.6 -0.16)
(0.2 0.6 -0.16)
(0.6 0.6 -0.16)
(1 0.6 -0.16)
(-1 1 -0.16)
(-0.6 1 -0.16)
(-0.2 1 -0.16)
(0.2 1 -0.16)
(0.6 1 -0.16)
(1 1 -0.16)
(-1 -1 0.26)
(-0.6 -1 0.26)
(-0.2 -1 0.26)
(0.2 -1 0.26)
(0.6 -1 0.26)
(1 -1 0.26)
(-1 -0.6 0.26)
(-0.6 -0.6 0.26)
(-0.2 -0.6 0.26)
(0.2 -0.6 0.26)
(0.6 -0.6 0.26)
(1 -0.6 0.26)
(-1 -0.2 0.26)
(-0.6 -0.2 0.26)
(-0.2 -0.2 0.26)
(0.2 -0.2 0.26)
(0.6 -0.2 0.26)
(1 -0.2 0.26)
(-1 0.2 0.26)
(-0.6 0.2 0.26)
(-0.2 0.2 0.26)
(0.2 0.2 0.26)
(0.6 0.2 0.26)
(1 0.2 0.26)
(-1 0.6 0.26)
(-0.6 0.6 0.26)
(-0.2 0.6 0.26)
(0.2 0.6 0.26)
(0.6 0.6 0.26)
(1 0.6 0.26)
(-1 1 0.26)
(-0.6 1 0.26)
(-0.2 1 0.26)
(0.2 1 0.26)
(0.6 1 0.26)
(1 1 0.26)
(-1 -1 0.68)
(-0.6 -1 0.68)
(-0.2 -1 0.68)
(0.2 -1 0.68)
(0.6 -1 0.68)
(1 -1 0.68)
(-1 -0.6 0.68)
(-0.6 -0.6 0.68)
(-0.2 -0.6 0.68)
(0.2 -0.6 0.68)
(0.6 -0.6 0.68)
(1 -0.6 0.68)
(-1 -0.2 0.68)
(-0.6 -0.2 0.68)
(-0.2 -0.2 0.68)
(0.2 -0.2 0.68)
(0.6 -0.2 0.68)
(1 -0.2 0.68)
(-1 0.2 0.68)
(-0.6 0.2 0.68)
(-0.2 0.2 0.68)
(0.2 0.2 0.68)
(0.6 0.2 0.68)
(1 0.2 0.68)
(-1 0.6 0.68)
(-0.6 0.6 0.68)
(-0.2 0.6 0.68)
(0.2 0.6 0.68)
(0.6 0.6 0.68)
(1 0.6 0.68)
(-1 1 0.68)
(-0.6 1 0.68)
(-0.2 1 0.68)
(0.2 1 0.68)
(0.6 1 0.68)
(1 1 0.68)
(-1 -1 1.1)
(-0.6 -1 1.1)
(-0.2 -1 1.1)
(0.2 -1 1.1)
(0.6 -1 1.1)
(1 -1 1.1)
(-1 -0.6 1.1)
(-0.6 -0.6 1.1)
(-0.2 -0.6 1.1)
(0.2 -0.6 1.1)
(0.6 -0.6 1.1)
(1 -0.6 1.1)
(-1 -0.2 1.1)
(-0.6 -0.2 1.1)
(-0.2 -0.2 1.1)
(0.2 -0.2 1.1)
(0.6 -0.2 1.1)
(1 -0.2 1.1)
(-1 0.2 1.1)
(-0.6 0.2 1.1)
(-0.2 0.2 1.1)
(0.2 0.2 1.1)
(0.6 0.2 1.1)
(1 0.2 1.1)
(-1 0.6 1.1)
(-0.6 0.6 1.1)
(-0.2 0.6 1.1)
(0.2 0.6 1.1)
(0.6 0.6 1.1)
(1 0.6 1.1)
(-1 1 1.1)
(-0.6 1 1.1)
(-0.2 1 1.1)
(0.2 1 1.1)
(0.6 1 1.1)
(1 1 1.1)
(-1 -1 1.52)
(-0.6 -1 1.52)
(-0.2 -1 1.52)
(0.2 -1 1.52)
(0.6 -1 1.52)
(1 -1 1.52)
(-1 -0.6 1.52)
(-0.6 -0.6 1.52)
(-0.2 -0.6 1.52)
(0.2 -0.6 1.52)
(0.6 -0.6 1.52)
(1 -0.6 1.52)
(-1 -0.2 1.52)
(-0.6 -0.2 1.52)
(-0.2 -0.2 1.52)
(0.2 -0.2 1.52)
(0.6 -0.2 1.52)
(1 -0.2 1.52)
(-1 0.2 1.52)
(-0.6 0.2 1.52)
(-0.2 0.2 1.52)
(0.2 0.2 1.52)
(0.6 0.2 1.52)
(1 0.2 1.52)
(-1 0.6 1.52)
(-0.6 0.6 1.52)
(-0.2 0.6 1.52)
(0.2 0.6 1.52)
(0.6 0.6 1.52)
(1 0.6 1.52)
(-1 1 1.52)
(-0.6 1 1.52)
(-0.2 1 1.52)
(0.2 1 1.52)
(0.6 1 1.52)
(1 1 1.52)
(-1 -1 1.94)
(-0.6 -1 1.94)
(-0.2 -1 1.94)
(0.2 -1 1.94)
(0.6 -1 1.94)
(1 -1 1.94)
(-1 -0.6 1.94)
(-0.6 -0.6 1.94)
(-0.2 -0.6 1.94)
(0.2 -0.6 1.94)
(0.6 -0.6 1.94)
(1 -0.6 1.94)
(-1 -0.2 1.94)
(-0.6 -0.2 1.94)
(-0.2 -0.2 1.94)
(0.2 -0.2 1.94)
(0.6 -0.2 1.94)
(1 -0.2 1.94)
(-1 0.2 1.94)
(-0.6 0.2 1.94)
(-0.2 0.2 1.94)
(0.2 0.2 1.94)
(0.6 0.2 1.94)
(1 0.2 1.94)
(-1 0.6 1.94)
(-0.6 0.6 1.94)
(-0.2 0.6 1.94)
(0.2 0.6 1.94)
(0.6 0.6 1.94)
(1 0.6 1.94)
(-1 1 1.94)
(-0.6 1 1.94)
(-0.2 1 1.94)
(0.2 1 1.94)
(0.6 1 1.94)
(1 1 1.94)
(-1 -1 2.36)
(-0.6 -1 2.36)
(-0.2 -1 2.36)
(0.2 -1 2.36)
(0.6 -1 2.36)
(1 -1 2.36)
(-1 -0.6 2.36)
(-0.6 -0.6 2.36)
(-0.2 -0.6 2.36)
(0.2 -0.6 2.36)
(0.6 -0.6 2.36)
(1 -0.6 2.36)
(-1 -0.2 2.36)
(-0.6 -0.2 2.36)
(-0.2 -0.2 2.36)
(0.2 -0.2 2.36)
(0.6 -0.2 2.36)
(1 -0.2 2.36)
(-1 0.2 2.36)
(-0.6 0.2 2.36)
(-0.2 0.2 2.36)
(0.2 0.2 2.36)
(0.6 0.2 2.36)
(1 0.2 2.36)
(-1 0.6 2.36)
(-0.6 0.6 2.36)
(-0.2 0.6 2.36)
(0.2 0.6 2.36)
(0.6 0.6 2.36)
(1 0.6 2.36)
(-1 1 2.36)
(-0.6 1 2.36)
(-0.2 1 2.36)
(0.2 1 2.36)
(0.6 1 2.36)
(1 1 2.36)
(-1 -1 2.78)
(-0.6 -1 2.78)
(-0.2 -1 2.78)
(0.2 -1 2.78)
(0.6 -1 2.78)
(1 -1 2.78)
(-1 -0.6 2.78)
(-0.6 -0.6 2.78)
(-0.2 -0.6 2.78)
(0.2 -0.6 2.78)
(0.6 -0.6 2.78)
(1 -0.6 2.78)
(-1 -0.2 2.78)
(-0.6 -0.2 2.78)
(-0.2 -0.2 2.78)
(0.2 -0.2 2.78)
(0.6 -0.2 2.78)
(1 -0.2 2.78)
(-1 0.2 2.78)
(-0.6 0.2 2.78)
(-0.2 0.2 2.78)
(0.2 0.2 2.78)
(0.6 0.2 2.78)
(1 0.2 2.78)
(-1 0.6 2.78)
(-0.6 0.6 2.78)
(-0.2 0.6 2.78)
(0.2 0.6 2.78)
(0.6 0.6 2.78)
(1 0.6 2.78)
(-1 1 2.78)
(-0.6 1 2.78)
(-0.2 1 2.78)
(0.2 1 2.78)
(0.6 1 2.78)
(1 1 2.78)
(-1 -1 3.2)
(-0.6 -1 3.2)
(-0.2 -1 3.2)
(0.2 -1 3.2)
(0.6 -1 3.2)
(1 -1 3.2)
(-1 -0.6 3.2)
(-0.6 -0.6 3.2)
(-0.2 -0.6 3.2)
(0.2 -0.6 3.2)
(0.6 -0.6 3.2)
(1 -0.6 3.2)
(-1 -0.2 3.2)
(-0.6 -0.2 3.2)
(-0.2 -0.2 3.2)
(0.2 -0.2 3.2)
(0.6 -0.2 3.2)
(1 -0.2 3.2)
(-1 0.2 3.2)
(-0.6 0.2 3.2)
(-0.2 0.2 3.2)
(0.2 0.2 3.2)
(0.6 0.2 3.2)
(1 0.2 3.2)
(-1 0.6 3.2)
(-0.6 0.6 3.2)
(-0.2 0.6 3.2)
(0.2 0.6 3.2)
(0.6 0.6 3.2)
(1 0.6 3.2)
(-1 1 3.2)
(-0.6 1 3.2)
(-0.2 1 3.2)
(0.2 1 3.2)
(0.6 1 3.2)
(1 1 3.2)
(-1 -1 3.62)
(-0.6 -1 3.62)
(-0.2 -1 3.62)
(0.2 -1 3.62)
(0.6 -1 3.62)
(1 -1 3.62)
(-1 -0.6 3.62)
(-0.6 -0.6 3.62)
(-0.2 -0.6 3.62)
(0.2 -0.6 3.62)
(0.6 -0.6 3.62)
(1 -0.6 3.62)
(-1 -0.2 3.62)
(-0.6 -0.2 3.62)
(-0.2 -0.2 3.62)
(0.2 -0.2 3.62)
(0.6 -0.2 3.62)
(1 -0.2 3.62)
(-1 0.2 3.62)
(-0.6 0.2 3.62)
(-0.2 0.2 3.62)
(0.2 0.2 3.62)
(0.6 0.2 3.62)
(1 0.2 3.62)
(-1 0.6 3.62)
(-0.6 0.6 3.62)
(-0.2 0.6 3.62)
(0.2 0.6 3.62)
(0.6 0.6 3.62)
(1 0.6 3.62)
(-1 1 3.62)
(-0.6 1 3.62)
(-0.2 1 3.62)
(0.2 1 3.62)
(0.6 1 3.62)
(1 1 3.62)
(-1 -1 4.04)
(-0.6 -1 4.04)
(-0.2 -1 4.04)
(0.2 -1 4.04)
(0.6 -1 4.04)
(1 -1 4.04)
(-1 -0.6 4.04)
(-0.6 -0.6 4.04)
(-0.2 -0.6 4.04)
(0.2 -0.6 4.04)
(0.6 -0.6 4.04)
(1 -0.6 4.04)
(-1 -0.2 4.04)
(-0.6 -0.2 4.04)
(-0.2 -0.2 4.04)
(0.2 -0.2 4.04)
(0.6 -0.2 4.04)
(1 -0.2 4.04)
(-1 0.2 4.04)
(-0.6 0.2 4.04)
(-0.2 0.2 4.04)
(0.2 0.2 4.04)
(0.6 0.2 4.04)
(1 0.2 4.04)
(-1 0.6 4.04)
(-0.6 0.6 4.04)
(-0.2 0.6 4.04)
(0.2 0.6 4.04)
(0.6 0.6 4.04)
(1 0.6 4.04)
(-1 1 4.04)
(-0.6 1 4.04)
(-0.2 1 4.04)
(0.2 1 4.04)
(0.6 1 4.04)
(1 1 4.04)
(-1 -1 4.46)
(-0.6 -1 4.46)
(-0.2 -1 4.46)
(0.2 -1 4.46)
(0.6 -1 4.46)
(1 -1 4.46)
(-1 -0.6 4.46)
(-0.6 -0.6 4.46)
(-0.2 -0.6 4.46)
(0.2 -0.6 4.46)
(0.6 -0.6 4.46)
(1 -0.6 4.46)
(-1 -0.2 4.46)
(-0.6 -0.2 4.46)
(-0.2 -0.2 4.46)
(0.2 -0.2 4.46)
(0.6 -0.2 4.46)
(1 -0.2 4.46)
(-1 0.2 4.46)
(-0.6 0.2 4.46)
(-0.2 0.2 4.46)
(0.2 0.2 4.46)
(0.6 0.2 4.46)
(1 0.2 4.46)
(-1 0.6 4.46)
(-0.6 0.6 4.46)
(-0.2 0.6 4.46)
(0.2 0.6 4.46)
(0.6 0.6 4.46)
(1 0.6 4.46)
(-1 1 4.46)
(-0.6 1 4.46)
(-0.2 1 4.46)
(0.2 1 4.46)
(0.6 1 4.46)
(1 1 4.46)
(-1 -1 4.88)
(-0.6 -1 4.88)
(-0.2 -1 4.88)
(0.2 -1 4.88)
(0.6 -1 4.88)
(1 -1 4.88)
(-1 -0.6 4.88)
(-0.6 -0.6 4.88)
(-0.2 -0.6 4.88)
(0.2 -0.6 4.88)
(0.6 -0.6 4.88)
(1 -0.6 4.88)
(-1 -0.2 4.88)
(-0.6 -0.2 4.88)
(-0.2 -0.2 4.88)
(0.2 -0.2 4.88)
(0.6 -0.2 4.88)
(1 -0.2 4.88)
(-1 0.2 4.88)
(-0.6 0.2 4.88)
(-0.2 0.2 4.88)
(0.2 0.2 4.88)
(0.6 0.2 4.88)
(1 0.2 4.88)
(-1 0.6 4.88)
(-0.6 0.6 4.88)
(-0.2 0.6 4.88)
(0.2 0.6 4.88)
(0.6 0.6 4.88)
(1 0.6 4.88)
(-1 1 4.88)
(-0.6 1 4.88)
(-0.2 1 4.88)
(0.2 1 4.88)
(0.6 1 4.88)
(1 1 4.88)
(-1 -1 5.3)
(-0.6 -1 5.3)
(-0.2 -1 5.3)
(0.2 -1 5.3)
(0.6 -1 5.3)
(1 -1 5.3)
(-1 -0.6 5.3)
(-0.6 -0.6 5.3)
(-0.2 -0.6 5.3)
(0.2 -0.6 5.3)
(0.6 -0.6 5.3)
(1 -0.6 5.3)
(-1 -0.2 5.3)
(-0.6 -0.2 5.3)
(-0.2 -0.2 5.3)
(0.2 -0.2 5.3)
(0.6 -0.2 5.3)
(1 -0.2 5.3)
(-1 0.2 5.3)
(-0.6 0.2 5.3)
(-0.2 0.2 5.3)
(0.2 0.2 5.3)
(0.6 0.2 5.3)
(1 0.2 5.3)
(-1 0.6 5.3)
(-0.6 0.6 5.3)
(-0.2 0.6 5.3)
(0.2 0.6 5.3)
(0.6 0.6 5.3)
(1 0.6 5.3)
(-1 1 5.3)
(-0.6 1 5.3)
(-0.2 1 5.3)
(0.2 1 5.3)
(0.6 1 5.3)
(1 1 5.3)
(-1 -1 5.72)
(-0.6 -1 5.72)
(-0.2 -1 5.72)
(0.2 -1 5.72)
(0.6 -1 5.72)
(1 -1 5.72)
(-1 -0.6 5.72)
(-0.6 -0.6 5.72)
(-0.2 -0.6 5.72)
(0.2 -0.6 5.72)
(0.6 -0.6 5.72)
(1 -0.6 5.72)
(-1 -0.2 5.72)
(-0.6 -0.2 5.72)
(-0.2 -0.2 5.72)
(0.2 -0.2 5.72)
(0.6 -0.2 5.72)
(1 -0.2 5.72)
(-1 0.2 5.72)
(-0.6 0.2 5.72)
(-0.2 0.2 5.72)
(0.2 0.2 5.72)
(0.6 0.2 5.72)
(1 0.2 5.72)
(-1 0.6 5.72)
(-0.6 0.6 5.72)
(-0.2 0.6 5.72)
(0.2 0.6 5.72)
(0.6 0.6 5.72)
(1 0.6 5.72)
(-1 1 5.72)
(-0.6 1 5.72)
(-0.2 1 5.72)
(0.2 1 5.72)
(0.6 1 5.72)
(1 1 5.72)
(-1 -1 6.14)
(-0.6 -1 6.14)
(-0.2 -1 6.14)
(0.2 -1 6.14)
(0.6 -1 6.14)
(1 -1 6.14)
(-1 -0.6 6.14)
(-0.6 -0.6 6.14)
(-0.2 -0.6 6.14)
(0.2 -0.6 6.14)
(0.6 -0.6 6.14)
(1 -0.6 6.14)
(-1 -0.2 6.14)
(-0.6 -0.2 6.14)
(-0.2 -0.2 6.14)
(0.2 -0.2 6.14)
(0.6 -0.2 6.14)
(1 -0.2 6.14)
(-1 0.2 6.14)
(-0.6 0.2 6.14)
(-0.2 0.2 6.14)
(0.2 0.2 6.14)
(0.6 0.2 6.14)
(1 0.2 6.14)
(-1 0.6 6.14)
(-0.6 0.6 6.14)
(-0.2 0.6 6.14)
(0.2 0.6 6.14)
(0.6 0.6 6.14)
(1 0.6 6.14)
(-1 1 6.14)
(-0.6 1 6.14)
(-0.2 1 6.14)
(0.2 1 6.14)
(0.6 1 6.14)
(1 1 6.14)
(-1 -1 6.56)
(-0.6 -1 6.56)
(-0.2 -1 6.56)
(0.2 -1 6.56)
(0.6 -1 6.56)
(1 -1 6.56)
(-1 -0.6 6.56)
(-0.6 -0.6 6.56)
(-0.2 -0.6 6.56)
(0.2 -0.6 6.56)
(0.6 -0.6 6.56)
(1 -0.6 6.56)
(-1 -0.2 6.56)
(-0.6 -0.2 6.56)
(-0.2 -0.2 6.56)
(0.2 -0.2 6.56)
(0.6 -0.2 6.56)
(1 -0.2 6.56)
(-1 0.2 6.56)
(-0.6 0.2 6.56)
(-0.2 0.2 6.56)
(0.2 0.2 6.56)
(0.6 0.2 6.56)
(1 0.2 6.56)
(-1 0.6 6.56)
(-0.6 0.6 6.56)
(-0.2 0.6 6.56)
(0.2 0.6 6.56)
(0.6 0.6 6.56)
(1 0.6 6.56)
(-1 1 6.56)
(-0.6 1 6.56)
(-0.2 1 6.56)
(0.2 1 6.56)
(0.6 1 6.56)
(1 1 6.56)
(-1 -1 6.98)
(-0.6 -1 6.98)
(-0.2 -1 6.98)
(0.2 -1 6.98)
(0.6 -1 6.98)
(1 -1 6.98)
(-1 -0.6 6.98)
(-0.6 -0.6 6.98)
(-0.2 -0.6 6.98)
(0.2 -0.6 6.98)
(0.6 -0.6 6.98)
(1 -0.6 6.98)
(-1 -0.2 6.98)
(-0.6 -0.2 6.98)
(-0.2 -0.2 6.98)
(0.2 -0.2 6.98)
(0.6 -0.2 6.98)
(1 -0.2 6.98)
(-1 0.2 6.98)
(-0.6 0.2 6.98)
(-0.2 0.2 6.98)
(0.2 0.2 6.98)
(0.6 0.2 6.98)
(1 0.2 6.98)
(-1 0.6 6.98)
(-0.6 0.6 6.98)
(-0.2 0.6 6.98)
(0.2 0.6 6.98)
(0.6 0.6 6.98)
(1 0.6 6.98)
(-1 1 6.98)
(-0.6 1 6.98)
(-0.2 1 6.98)
(0.2 1 6.98)
(0.6 1 6.98)
(1 1 6.98)
(-1 -1 7.4)
(-0.6 -1 7.4)
(-0.2 -1 7.4)
(0.2 -1 7.4)
(0.6 -1 7.4)
(1 -1 7.4)
(-1 -0.6 7.4)
(-0.6 -0.6 7.4)
(-0.2 -0.6 7.4)
(0.2 -0.6 7.4)
(0.6 -0.6 7.4)
(1 -0.6 7.4)
(-1 -0.2 7.4)
(-0.6 -0.2 7.4)
(-0.2 -0.2 7.4)
(0.2 -0.2 7.4)
(0.6 -0.2 7.4)
(1 -0.2 7.4)
(-1 0.2 7.4)
(-0.6 0.2 7.4)
(-0.2 0.2 7.4)
(0.2 0.2 7.4)
(0.6 0.2 7.4)
(1 0.2 7.4)
(-1 0.6 7.4)
(-0.6 0.6 7.4)
(-0.2 0.6 7.4)
(0.2 0.6 7.4)
(0.6 0.6 7.4)
(1 0.6 7.4)
(-1 1 7.4)
(-0.6 1 7.4)
(-0.2 1 7.4)
(0.2 1 7.4)
(0.6 1 7.4)
(1 1 7.4)
(-1 -1 7.82)
(-0.6 -1 7.82)
(-0.2 -1 7.82)
(0.2 -1 7.82)
(0.6 -1 7.82)
(1 -1 7.82)
(-1 -0.6 7.82)
(-0.6 -0.6 7.82)
(-0.2 -0.6 7.82)
(0.2 -0.6 7.82)
(0.6 -0.6 7.82)
(1 -0.6 7.82)
(-1 -0.2 7.82)
(-0.6 -0.2 7.82)
(-0.2 -0.2 7.82)
(0.2 -0.2 7.82)
(0.6 -0.2 7.82)
(1 -0.2 7.82)
(-1 0.2 7.82)
(-0.6 0.2 7.82)
(-0.2 0.2 7.82)
(0.2 0.2 7.82)
(0.6 0.2 7.82)
(1 0.2 7.82)
(-1 0.6 7.82)
(-0.6 0.6 7.82)
(-0.2 0.6 7.82)
(0.2 0.6 7.82)
(0.6 0.6 7.82)
(1 0.6 7.82)
(-1 1 7.82)
(-0.6 1 7.82)
(-0.2 1 7.82)
(0.2 1 7.82)
(0.6 1 7.82)
(1 1 7.82)
(-1 -1 8.24)
(-0.6 -1 8.24)
(-0.2 -1 8.24)
(0.2 -1 8.24)
(0.6 -1 8.24)
(1 -1 8.24)
(-1 -0.6 8.24)
(-0.6 -0.6 8.24)
(-0.2 -0.6 8.24)
(0.2 -0.6 8.24)
(0.6 -0.6 8.24)
(1 -0.6 8.24)
(-1 -0.2 8.24)
(-0.6 -0.2 8.24)
(-0.2 -0.2 8.24)
(0.2 -0.2 8.24)
(0.6 -0.2 8.24)
(1 -0.2 8.24)
(-1 0.2 8.24)
(-0.6 0.2 8.24)
(-0.2 0.2 8.24)
(0.2 0.2 8.24)
(0.6 0.2 8.24)
(1 0.2 8.24)
(-1 0.6 8.24)
(-0.6 0.6 8.24)
(-0.2 0.6 8.24)
(0.2 0.6 8.24)
(0.6 0.6 8.24)
(1 0.6 8.24)
(-1 1 8.24)
(-0.6 1 8.24)
(-0.2 1 8.24)
(0.2 1 8.24)
(0.6 1 8.24)
(1 1 8.24)
(-1 -1 8.66)
(-0.6 -1 8.66)
(-0.2 -1 8.66)
(0.2 -1 8.66)
(0.6 -1 8.66)
(1 -1 8.66)
(-1 -0.6 8.66)
(-0.6 -0.6 8.66)
(-0.2 -0.6 8.66)
(0.2 -0.6 8.66)
(0.6 -0.6 8.66)
(1 -0.6 8.66)
(-1 -0.2 8.66)
(-0.6 -0.2 8.66)
(-0.2 -0.2 8.66)
(0.2 -0.2 8.66)
(0.6 -0.2 8.66)
(1 -0.2 8.66)
(-1 0.2 8.66)
(-0.6 0.2 8.66)
(-0.2 0.2 8.66)
(0.2 0.2 8.66)
(0.6 0.2 8.66)
(1 0.2 8.66)
(-1 0.6 8.66)
(-0.6 0.6 8.66)
(-0.2 0.6 8.66)
(0.2 0.6 8.66)
(0.6 0.6 8.66)
(1 0.6 8.66)
(-1 1 8.66)
(-0.6 1 8.66)
(-0.2 1 8.66)
(0.2 1 8.66)
(0.6 1 8.66)
(1 1 8.66)
(-1 -1 9.08)
(-0.6 -1 9.08)
(-0.2 -1 9.08)
(0.2 -1 9.08)
(0.6 -1 9.08)
(1 -1 9.08)
(-1 -0.6 9.08)
(-0.6 -0.6 9.08)
(-0.2 -0.6 9.08)
(0.2 -0.6 9.08)
(0.6 -0.6 9.08)
(1 -0.6 9.08)
(-1 -0.2 9.08)
(-0.6 -0.2 9.08)
(-0.2 -0.2 9.08)
(0.2 -0.2 9.08)
(0.6 -0.2 9.08)
(1 -0.2 9.08)
(-1 0.2 9.08)
(-0.6 0.2 9.08)
(-0.2 0.2 9.08)
(0.2 0.2 9.08)
(0.6 0.2 9.08)
(1 0.2 9.08)
(-1 0.6 9.08)
(-0.6 0.6 9.08)
(-0.2 0.6 9.08)
(0.2 0.6 9.08)
(0.6 0.6 9.08)
(1 0.6 9.08)
(-1 1 9.08)
(-0.6 1 9.08)
(-0.2 1 9.08)
(0.2 1 9.08)
(0.6 1 9.08)
(1 1 9.08)
(-1 -1 9.5)
(-0.6 -1 9.5)
(-0.2 -1 9.5)
(0.2 -1 9.5)
(0.6 -1 9.5)
(1 -1 9.5)
(-1 -0.6 9.5)
(-0.6 -0.6 9.5)
(-0.2 -0.6 9.5)
(0.2 -0.6 9.5)
(0.6 -0.6 9.5)
(1 -0.6 9.5)
(-1 -0.2 9.5)
(-0.6 -0.2 9.5)
(-0.2 -0.2 9.5)
(0.2 -0.2 9.5)
(0.6 -0.2 9.5)
(1 -0.2 9.5)
(-1 0.2 9.5)
(-0.6 0.2 9.5)
(-0.2 0.2 9.5)
(0.2 0.2 9.5)
(0.6 0.2 9.5)
(1 0.2 9.5)
(-1 0.6 9.5)
(-0.6 0.6 9.5)
(-0.2 0.6 9.5)
(0.2 0.6 9.5)
(0.6 0.6 9.5)
(1 0.6 9.5)
(-1 1 9.5)
(-0.6 1 9.5)
(-0.2 1 9.5)
(0.2 1 9.5)
(0.6 1 9.5)
(1 1 9.5)
(-1 -1 9.92)
(-0.6 -1 9.92)
(-0.2 -1 9.92)
(0.2 -1 9.92)
(0.6 -1 9.92)
(1 -1 9.92)
(-1 -0.6 9.92)
(-0.6 -0.6 9.92)
(-0.2 -0.6 9.92)
(0.2 -0.6 9.92)
(0.6 -0.6 9.92)
(1 -0.6 9.92)
(-1 -0.2 9.92)
(-0.6 -0.2 9.92)
(-0.2 -0.2 9.92)
(0.2 -0.2 9.92)
(0.6 -0.2 9.92)
(1 -0.2 9.92)
(-1 0.2 9.92)
(-0.6 0.2 9.92)
(-0.2 0.2 9.92)
(0.2 0.2 9.92)
(0.6 0.2 9.92)
(1 0.2 9.92)
(-1 0.6 9.92)
(-0.6 0.6 9.92)
(-0.2 0.6 9.92)
(0.2 0.6 9.92)
(0.6 0.6 9.92)
(1 0.6 9.92)
(-1 1 9.92)
(-0.6 1 9.92)
(-0.2 1 9.92)
(0.2 1 9.92)
(0.6 1 9.92)
(1 1 9.92)
(-1 -1 10.34)
(-0.6 -1 10.34)
(-0.2 -1 10.34)
(0.2 -1 10.34)
(0.6 -1 10.34)
(1 -1 10.34)
(-1 -0.6 10.34)
(-0.6 -0.6 10.34)
(-0.2 -0.6 10.34)
(0.2 -0.6 10.34)
(0.6 -0.6 10.34)
(1 -0.6 10.34)
(-1 -0.2 10.34)
(-0.6 -0.2 10.34)
(-0.2 -0.2 10.34)
(0.2 -0.2 10.34)
(0.6 -0.2 10.34)
(1 -0.2 10.34)
(-1 0.2 10.34)
(-0.6 0.2 10.34)
(-0.2 0.2 10.34)
(0.2 0.2 10.34)
(0.6 0.2 10.34)
(1 0.2 10.34)
(-1 0.6 10.34)
(-0.6 0.6 10.34)
(-0.2 0.6 10.34)
(0.2 0.6 10.34)
(0.6 0.6 10.34)
(1 0.6 10.34)
(-1 1 10.34)
(-0.6 1 10.34)
(-0.2 1 10.34)
(0.2 1 10.34)
(0.6 1 10.34)
(1 1 10.34)
(-1 -1 10.76)
(-0.6 -1 10.76)
(-0.2 -1 10.76)
(0.2 -1 10.76)
(0.6 -1 10.76)
(1 -1 10.76)
(-1 -0.6 10.76)
(-0.6 -0.6 10.76)
(-0.2 -0.6 10.76)
(0.2 -0.6 10.76)
(0.6 -0.6 10.76)
(1 -0.6 10.76)
(-1 -0.2 10.76)
(-0.6 -0.2 10.76)
(-0.2 -0.2 10.76)
(0.2 -0.2 10.76)
(0.6 -0.2 10.76)
(1 -0.2 10.76)
(-1 0.2 10.76)
(-0.6 0.2 10.76)
(-0.2 0.2 10.76)
(0.2 0.2 10.76)
(0.6 0.2 10.76)
(1 0.2 10.76)
(-1 0.6 10.76)
(-0.6 0.6 10.76)
(-0.2 0.6 10.76)
(0.2 0.6 10.76)
(0.6 0.6 10.76)
(1 0.6 10.76)
(-1 1 10.76)
(-0.6 1 10.76)
(-0.2 1 10.76)
(0.2 1 10.76)
(0.6 1 10.76)
(1 1 10.76)
(-1 -1 11.18)
(-0.6 -1 11.18)
(-0.2 -1 11.18)
(0.2 -1 11.18)
(0.6 -1 11.18)
(1 -1 11.18)
(-1 -0.6 11.18)
(-0.6 -0.6 11.18)
(-0.2 -0.6 11.18)
(0.2 -0.6 11.18)
(0.6 -0.6 11.18)
(1 -0.6 11.18)
(-1 -0.2 11.18)
(-0.6 -0.2 11.18)
(-0.2 -0.2 11.18)
(0.2 -0.2 11.18)
(0.6 -0.2 11.18)
(1 -0.2 11.18)
(-1 0.2 11.18)
(-0.6 0.2 11.18)
(-0.2 0.2 11.18)
(0.2 0.2 11.18)
(0.6 0.2 11.18)
(1 0.2 11.18)
(-1 0.6 11.18)
(-0.6 0.6 11.18)
(-0.2 0.6 11.18)
(0.2 0.6 11.18)
(0.6 0.6 11.18)
(1 0.6 11.18)
(-1 1 11.18)
(-0.6 1 11.18)
(-0.2 1 11.18)
(0.2 1 11.18)
(0.6 1 11.18)
(1 1 11.18)
(-1 -1 11.6)
(-0.6 -1 11.6)
(-0.2 -1 11.6)
(0.2 -1 11.6)
(0.6 -1 11.6)
(1 -1 11.6)
(-1 -0.6 11.6)
(-0.6 -0.6 11.6)
(-0.2 -0.6 11.6)
(0.2 -0.6 11.6)
(0.6 -0.6 11.6)
(1 -0.6 11.6)
(-1 -0.2 11.6)
(-0.6 -0.2 11.6)
(-0.2 -0.2 11.6)
(0.2 -0.2 11.6)
(0.6 -0.2 11.6)
(1 -0.2 11.6)
(-1 0.2 11.6)
(-0.6 0.2 11.6)
(-0.2 0.2 11.6)
(0.2 0.2 11.6)
(0.6 0.2 11.6)
(1 0.2 11.6)
(-1 0.6 11.6)
(-0.6 0.6 11.6)
(-0.2 0.6 11.6)
(0.2 0.6 11.6)
(0.6 0.6 11.6)
(1 0.6 11.6)
(-1 1 11.6)
(-0.6 1 11.6)
(-0.2 1 11.6)
(0.2 1 11.6)
(0.6 1 11.6)
(1 1 11.6)
(-1 -1 12.02)
(-0.6 -1 12.02)
(-0.2 -1 12.02)
(0.2 -1 12.02)
(0.6 -1 12.02)
(1 -1 12.02)
(-1 -0.6 12.02)
(-0.6 -0.6 12.02)
(-0.2 -0.6 12.02)
(0.2 -0.6 12.02)
(0.6 -0.6 12.02)
(1 -0.6 12.02)
(-1 -0.2 12.02)
(-0.6 -0.2 12.02)
(-0.2 -0.2 12.02)
(0.2 -0.2 12.02)
(0.6 -0.2 12.02)
(1 -0.2 12.02)
(-1 0.2 12.02)
(-0.6 0.2 12.02)
(-0.2 0.2 12.02)
(0.2 0.2 12.02)
(0.6 0.2 12.02)
(1 0.2 12.02)
(-1 0.6 12.02)
(-0.6 0.6 12.02)
(-0.2 0.6 12.02)
(0.2 0.6 12.02)
(0.6 0.6 12.02)
(1 0.6 12.02)
(-1 1 12.02)
(-0.6 1 12.02)
(-0.2 1 12.02)
(0.2 1 12.02)
(0.6 1 12.02)
(1 1 12.02)
(-1 -1 12.44)
(-0.6 -1 12.44)
(-0.2 -1 12.44)
(0.2 -1 12.44)
(0.6 -1 12.44)
(1 -1 12.44)
(-1 -0.6 12.44)
(-0.6 -0.6 12.44)
(-0.2 -0.6 12.44)
(0.2 -0.6 12.44)
(0.6 -0.6 12.44)
(1 -0.6 12.44)
(-1 -0.2 12.44)
(-0.6 -0.2 12.44)
(-0.2 -0.2 12.44)
(0.2 -0.2 12.44)
(0.6 -0.2 12.44)
(1 -0.2 12.44)
(-1 0.2 12.44)
(-0.6 0.2 12.44)
(-0.2 0.2 12.44)
(0.2 0.2 12.44)
(0.6 0.2 12.44)
(1 0.2 12.44)
(-1 0.6 12.44)
(-0.6 0.6 12.44)
(-0.2 0.6 12.44)
(0.2 0.6 12.44)
(0.6 0.6 12.44)
(1 0.6 12.44)
(-1 1 12.44)
(-0.6 1 12.44)
(-0.2 1 12.44)
(0.2 1 12.44)
(0.6 1 12.44)
(1 1 12.44)
(-1 -1 12.86)
(-0.6 -1 12.86)
(-0.2 -1 12.86)
(0.2 -1 12.86)
(0.6 -1 12.86)
(1 -1 12.86)
(-1 -0.6 12.86)
(-0.6 -0.6 12.86)
(-0.2 -0.6 12.86)
(0.2 -0.6 12.86)
(0.6 -0.6 12.86)
(1 -0.6 12.86)
(-1 -0.2 12.86)
(-0.6 -0.2 12.86)
(-0.2 -0.2 12.86)
(0.2 -0.2 12.86)
(0.6 -0.2 12.86)
(1 -0.2 12.86)
(-1 0.2 12.86)
(-0.6 0.2 12.86)
(-0.2 0.2 12.86)
(0.2 0.2 12.86)
(0.6 0.2 12.86)
(1 0.2 12.86)
(-1 0.6 12.86)
(-0.6 0.6 12.86)
(-0.2 0.6 12.86)
(0.2 0.6 12.86)
(0.6 0.6 12.86)
(1 0.6 12.86)
(-1 1 12.86)
(-0.6 1 12.86)
(-0.2 1 12.86)
(0.2 1 12.86)
(0.6 1 12.86)
(1 1 12.86)
(-1 -1 13.28)
(-0.6 -1 13.28)
(-0.2 -1 13.28)
(0.2 -1 13.28)
(0.6 -1 13.28)
(1 -1 13.28)
(-1 -0.6 13.28)
(-0.6 -0.6 13.28)
(-0.2 -0.6 13.28)
(0.2 -0.6 13.28)
(0.6 -0.6 13.28)
(1 -0.6 13.28)
(-1 -0.2 13.28)
(-0.6 -0.2 13.28)
(-0.2 -0.2 13.28)
(0.2 -0.2 13.28)
(0.6 -0.2 13.28)
(1 -0.2 13.28)
(-1 0.2 13.28)
(-0.6 0.2 13.28)
(-0.2 0.2 13.28)
(0.2 0.2 13.28)
(0.6 0.2 13.28)
(1 0.2 13.28)
(-1 0.6 13.28)
(-0.6 0.6 13.28)
(-0.2 0.6 13.28)
(0.2 0.6 13.28)
(0.6 0.6 13.28)
(1 0.6 13.28)
(-1 1 13.28)
(-0.6 1 13.28)
(-0.2 1 13.28)
(0.2 1 13.28)
(0.6 1 13.28)
(1 1 13.28)
(-1 -1 13.7)
(-0.6 -1 13.7)
(-0.2 -1 13.7)
(0.2 -1 13.7)
(0.6 -1 13.7)
(1 -1 13.7)
(-1 -0.6 13.7)
(-0.6 -0.6 13.7)
(-0.2 -0.6 13.7)
(0.2 -0.6 13.7)
(0.6 -0.6 13.7)
(1 -0.6 13.7)
(-1 -0.2 13.7)
(-0.6 -0.2 13.7)
(-0.2 -0.2 13.7)
(0.2 -0.2 13.7)
(0.6 -0.2 13.7)
(1 -0.2 13.7)
(-1 0.2 13.7)
(-0.6 0.2 13.7)
(-0.2 0.2 13.7)
(0.2 0.2 13.7)
(0.6 0.2 13.7)
(1 0.2 13.7)
(-1 0.6 13.7)
(-0.6 0.6 13.7)
(-0.2 0.6 13.7)
(0.2 0.6 13.7)
(0.6 0.6 13.7)
(1 0.6 13.7)
(-1 1 13.7)
(-0.6 1 13.7)
(-0.2 1 13.7)
(0.2 1 13.7)
(0.6 1 13.7)
(1 1 13.7)
(-1 -1 14.12)
(-0.6 -1 14.12)
(-0.2 -1 14.12)
(0.2 -1 14.12)
(0.6 -1 14.12)
(1 -1 14.12)
(-1 -0.6 14.12)
(-0.6 -0.6 14.12)
(-0.2 -0.6 14.12)
(0.2 -0.6 14.12)
(0.6 -0.6 14.12)
(1 -0.6 14.12)
(-1 -0.2 14.12)
(-0.6 -0.2 14.12)
(-0.2 -0.2 14.12)
(0.2 -0.2 14.12)
(0.6 -0.2 14.12)
(1 -0.2 14.12)
(-1 0.2 14.12)
(-0.6 0.2 14.12)
(-0.2 0.2 14.12)
(0.2 0.2 14.12)
(0.6 0.2 14.12)
(1 0.2 14.12)
(-1 0.6 14.12)
(-0.6 0.6 14.12)
(-0.2 0.6 14.12)
(0.2 0.6 14.12)
(0.6 0.6 14.12)
(1 0.6 14.12)
(-1 1 14.12)
(-0.6 1 14.12)
(-0.2 1 14.12)
(0.2 1 14.12)
(0.6 1 14.12)
(1 1 14.12)
(-1 -1 14.54)
(-0.6 -1 14.54)
(-0.2 -1 14.54)
(0.2 -1 14.54)
(0.6 -1 14.54)
(1 -1 14.54)
(-1 -0.6 14.54)
(-0.6 -0.6 14.54)
(-0.2 -0.6 14.54)
(0.2 -0.6 14.54)
(0.6 -0.6 14.54)
(1 -0.6 14.54)
(-1 -0.2 14.54)
(-0.6 -0.2 14.54)
(-0.2 -0.2 14.54)
(0.2 -0.2 14.54)
(0.6 -0.2 14.54)
(1 -0.2 14.54)
(-1 0.2 14.54)
(-0.6 0.2 14.54)
(-0.2 0.2 14.54)
(0.2 0.2 14.54)
(0.6 0.2 14.54)
(1 0.2 14.54)
(-1 0.6 14.54)
(-0.6 0.6 14.54)
(-0.2 0.6 14.54)
(0.2 0.6 14.54)
(0.6 0.6 14.54)
(1 0.6 14.54)
(-1 1 14.54)
(-0.6 1 14.54)
(-0.2 1 14.54)
(0.2 1 14.54)
(0.6 1 14.54)
(1 1 14.54)
(-1 -1 14.96)
(-0.6 -1 14.96)
(-0.2 -1 14.96)
(0.2 -1 14.96)
(0.6 -1 14.96)
(1 -1 14.96)
(-1 -0.6 14.96)
(-0.6 -0.6 14.96)
(-0.2 -0.6 14.96)
(0.2 -0.6 14.96)
(0.6 -0.6 14.96)
(1 -0.6 14.96)
(-1 -0.2 14.96)
(-0.6 -0.2 14.96)
(-0.2 -0.2 14.96)
(0.2 -0.2 14.96)
(0.6 -0.2 14.96)
(1 -0.2 14.96)
(-1 0.2 14.96)
(-0.6 0.2 14.96)
(-0.2 0.2 14.96)
(0.2 0.2 14.96)
(0.6 0.2 14.96)
(1 0.2 14.96)
(-1 0.6 14.96)
(-0.6 0.6 14.96)
(-0.2 0.6 14.96)
(0.2 0.6 14.96)
(0.6 0.6 14.96)
(1 0.6 14.96)
(-1 1 14.96)
(-0.6 1 14.96)
(-0.2 1 14.96)
(0.2 1 14.96)
(0.6 1 14.96)
(1 1 14.96)
(-1 -1 15.38)
(-0.6 -1 15.38)
(-0.2 -1 15.38)
(0.2 -1 15.38)
(0.6 -1 15.38)
(1 -1 15.38)
(-1 -0.6 15.38)
(-0.6 -0.6 15.38)
(-0.2 -0.6 15.38)
(0.2 -0.6 15.38)
(0.6 -0.6 15.38)
(1 -0.6 15.38)
(-1 -0.2 15.38)
(-0.6 -0.2 15.38)
(-0.2 -0.2 15.38)
(0.2 -0.2 15.38)
(0.6 -0.2 15.38)
(1 -0.2 15.38)
(-1 0.2 15.38)
(-0.6 0.2 15.38)
(-0.2 0.2 15.38)
(0.2 0.2 15.38)
(0.6 0.2 15.38)
(1 0.2 15.38)
(-1 0.6 15.38)
(-0.6 0.6 15.38)
(-0.2 0.6 15.38)
(0.2 0.6 15.38)
(0.6 0.6 15.38)
(1 0.6 15.38)
(-1 1 15.38)
(-0.6 1 15.38)
(-0.2 1 15.38)
(0.2 1 15.38)
(0.6 1 15.38)
(1 1 15.38)
(-1 -1 15.8)
(-0.6 -1 15.8)
(-0.2 -1 15.8)
(0.2 -1 15.8)
(0.6 -1 15.8)
(1 -1 15.8)
(-1 -0.6 15.8)
(-0.6 -0.6 15.8)
(-0.2 -0.6 15.8)
(0.2 -0.6 15.8)
(0.6 -0.6 15.8)
(1 -0.6 15.8)
(-1 -0.2 15.8)
(-0.6 -0.2 15.8)
(-0.2 -0.2 15.8)
(0.2 -0.2 15.8)
(0.6 -0.2 15.8)
(1 -0.2 15.8)
(-1 0.2 15.8)
(-0.6 0.2 15.8)
(-0.2 0.2 15.8)
(0.2 0.2 15.8)
(0.6 0.2 15.8)
(1 0.2 15.8)
(-1 0.6 15.8)
(-0.6 0.6 15.8)
(-0.2 0.6 15.8)
(0.2 0.6 15.8)
(0.6 0.6 15.8)
(1 0.6 15.8)
(-1 1 15.8)
(-0.6 1 15.8)
(-0.2 1 15.8)
(0.2 1 15.8)
(0.6 1 15.8)
(1 1 15.8)
(-1 -1 16.22)
(-0.6 -1 16.22)
(-0.2 -1 16.22)
(0.2 -1 16.22)
(0.6 -1 16.22)
(1 -1 16.22)
(-1 -0.6 16.22)
(-0.6 -0.6 16.22)
(-0.2 -0.6 16.22)
(0.2 -0.6 16.22)
(0.6 -0.6 16.22)
(1 -0.6 16.22)
(-1 -0.2 16.22)
(-0.6 -0.2 16.22)
(-0.2 -0.2 16.22)
(0.2 -0.2 16.22)
(0.6 -0.2 16.22)
(1 -0.2 16.22)
(-1 0.2 16.22)
(-0.6 0.2 16.22)
(-0.2 0.2 16.22)
(0.2 0.2 16.22)
(0.6 0.2 16.22)
(1 0.2 16.22)
(-1 0.6 16.22)
(-0.6 0.6 16.22)
(-0.2 0.6 16.22)
(0.2 0.6 16.22)
(0.6 0.6 16.22)
(1 0.6 16.22)
(-1 1 16.22)
(-0.6 1 16.22)
(-0.2 1 16.22)
(0.2 1 16.22)
(0.6 1 16.22)
(1 1 16.22)
(-1 -1 16.64)
(-0.6 -1 16.64)
(-0.2 -1 16.64)
(0.2 -1 16.64)
(0.6 -1 16.64)
(1 -1 16.64)
(-1 -0.6 16.64)
(-0.6 -0.6 16.64)
(-0.2 -0.6 16.64)
(0.2 -0.6 16.64)
(0.6 -0.6 16.64)
(1 -0.6 16.64)
(-1 -0.2 16.64)
(-0.6 -0.2 16.64)
(-0.2 -0.2 16.64)
(0.2 -0.2 16.64)
(0.6 -0.2 16.64)
(1 -0.2 16.64)
(-1 0.2 16.64)
(-0.6 0.2 16.64)
(-0.2 0.2 16.64)
(0.2 0.2 16.64)
(0.6 0.2 16.64)
(1 0.2 16.64)
(-1 0.6 16.64)
(-0.6 0.6 16.64)
(-0.2 0.6 16.64)
(0.2 0.6 16.64)
(0.6 0.6 16.64)
(1 0.6 16.64)
(-1 1 16.64)
(-0.6 1 16.64)
(-0.2 1 16.64)
(0.2 1 16.64)
(0.6 1 16.64)
(1 1 16.64)
(-1 -1 17.06)
(-0.6 -1 17.06)
(-0.2 -1 17.06)
(0.2 -1 17.06)
(0.6 -1 17.06)
(1 -1 17.06)
(-1 -0.6 17.06)
(-0.6 -0.6 17.06)
(-0.2 -0.6 17.06)
(0.2 -0.6 17.06)
(0.6 -0.6 17.06)
(1 -0.6 17.06)
(-1 -0.2 17.06)
(-0.6 -0.2 17.06)
(-0.2 -0.2 17.06)
(0.2 -0.2 17.06)
(0.6 -0.2 17.06)
(1 -0.2 17.06)
(-1 0.2 17.06)
(-0.6 0.2 17.06)
(-0.2 0.2 17.06)
(0.2 0.2 17.06)
(0.6 0.2 17.06)
(1 0.2 17.06)
(-1 0.6 17.06)
(-0.6 0.6 17.06)
(-0.2 0.6 17.06)
(0.2 0.6 17.06)
(0.6 0.6 17.06)
(1 0.6 17.06)
(-1 1 17.06)
(-0.6 1 17.06)
(-0.2 1 17.06)
(0.2 1 17.06)
(0.6 1 17.06)
(1 1 17.06)
(-1 -1 17.48)
(-0.6 -1 17.48)
(-0.2 -1 17.48)
(0.2 -1 17.48)
(0.6 -1 17.48)
(1 -1 17.48)
(-1 -0.6 17.48)
(-0.6 -0.6 17.48)
(-0.2 -0.6 17.48)
(0.2 -0.6 17.48)
(0.6 -0.6 17.48)
(1 -0.6 17.48)
(-1 -0.2 17.48)
(-0.6 -0.2 17.48)
(-0.2 -0.2 17.48)
(0.2 -0.2 17.48)
(0.6 -0.2 17.48)
(1 -0.2 17.48)
(-1 0.2 17.48)
(-0.6 0.2 17.48)
(-0.2 0.2 17.48)
(0.2 0.2 17.48)
(0.6 0.2 17.48)
(1 0.2 17.48)
(-1 0.6 17.48)
(-0.6 0.6 17.48)
(-0.2 0.6 17.48)
(0.2 0.6 17.48)
(0.6 0.6 17.48)
(1 0.6 17.48)
(-1 1 17.48)
(-0.6 1 17.48)
(-0.2 1 17.48)
(0.2 1 17.48)
(0.6 1 17.48)
(1 1 17.48)
(-1 -1 17.9)
(-0.6 -1 17.9)
(-0.2 -1 17.9)
(0.2 -1 17.9)
(0.6 -1 17.9)
(1 -1 17.9)
(-1 -0.6 17.9)
(-0.6 -0.6 17.9)
(-0.2 -0.6 17.9)
(0.2 -0.6 17.9)
(0.6 -0.6 17.9)
(1 -0.6 17.9)
(-1 -0.2 17.9)
(-0.6 -0.2 17.9)
(-0.2 -0.2 17.9)
(0.2 -0.2 17.9)
(0.6 -0.2 17.9)
(1 -0.2 17.9)
(-1 0.2 17.9)
(-0.6 0.2 17.9)
(-0.2 0.2 17.9)
(0.2 0.2 17.9)
(0.6 0.2 17.9)
(1 0.2 17.9)
(-1 0.6 17.9)
(-0.6 0.6 17.9)
(-0.2 0.6 17.9)
(0.2 0.6 17.9)
(0.6 0.6 17.9)
(1 0.6 17.9)
(-1 1 17.9)
(-0.6 1 17.9)
(-0.2 1 17.9)
(0.2 1 17.9)
(0.6 1 17.9)
(1 1 17.9)
(-1 -1 18.32)
(-0.6 -1 18.32)
(-0.2 -1 18.32)
(0.2 -1 18.32)
(0.6 -1 18.32)
(1 -1 18.32)
(-1 -0.6 18.32)
(-0.6 -0.6 18.32)
(-0.2 -0.6 18.32)
(0.2 -0.6 18.32)
(0.6 -0.6 18.32)
(1 -0.6 18.32)
(-1 -0.2 18.32)
(-0.6 -0.2 18.32)
(-0.2 -0.2 18.32)
(0.2 -0.2 18.32)
(0.6 -0.2 18.32)
(1 -0.2 18.32)
(-1 0.2 18.32)
(-0.6 0.2 18.32)
(-0.2 0.2 18.32)
(0.2 0.2 18.32)
(0.6 0.2 18.32)
(1 0.2 18.32)
(-1 0.6 18.32)
(-0.6 0.6 18.32)
(-0.2 0.6 18.32)
(0.2 0.6 18.32)
(0.6 0.6 18.32)
(1 0.6 18.32)
(-1 1 18.32)
(-0.6 1 18.32)
(-0.2 1 18.32)
(0.2 1 18.32)
(0.6 1 18.32)
(1 1 18.32)
(-1 -1 18.74)
(-0.6 -1 18.74)
(-0.2 -1 18.74)
(0.2 -1 18.74)
(0.6 -1 18.74)
(1 -1 18.74)
(-1 -0.6 18.74)
(-0.6 -0.6 18.74)
(-0.2 -0.6 18.74)
(0.2 -0.6 18.74)
(0.6 -0.6 18.74)
(1 -0.6 18.74)
(-1 -0.2 18.74)
(-0.6 -0.2 18.74)
(-0.2 -0.2 18.74)
(0.2 -0.2 18.74)
(0.6 -0.2 18.74)
(1 -0.2 18.74)
(-1 0.2 18.74)
(-0.6 0.2 18.74)
(-0.2 0.2 18.74)
(0.2 0.2 18.74)
(0.6 0.2 18.74)
(1 0.2 18.74)
(-1 0.6 18.74)
(-0.6 0.6 18.74)
(-0.2 0.6 18.74)
(0.2 0.6 18.74)
(0.6 0.6 18.74)
(1 0.6 18.74)
(-1 1 18.74)
(-0.6 1 18.74)
(-0.2 1 18.74)
(0.2 1 18.74)
(0.6 1 18.74)
(1 1 18.74)
(-1 -1 19.16)
(-0.6 -1 19.16)
(-0.2 -1 19.16)
(0.2 -1 19.16)
(0.6 -1 19.16)
(1 -1 19.16)
(-1 -0.6 19.16)
(-0.6 -0.6 19.16)
(-0.2 -0.6 19.16)
(0.2 -0.6 19.16)
(0.6 -0.6 19.16)
(1 -0.6 19.16)
(-1 -0.2 19.16)
(-0.6 -0.2 19.16)
(-0.2 -0.2 19.16)
(0.2 -0.2 19.16)
(0.6 -0.2 19.16)
(1 -0.2 19.16)
(-1 0.2 19.16)
(-0.6 0.2 19.16)
(-0.2 0.2 19.16)
(0.2 0.2 19.16)
(0.6 0.2 19.16)
(1 0.2 19.16)
(-1 0.6 19.16)
(-0.6 0.6 19.16)
(-0.2 0.6 19.16)
(0.2 0.6 19.16)
(0.6 0.6 19.16)
(1 0.6 19.16)
(-1 1 19.16)
(-0.6 1 19.16)
(-0.2 1 19.16)
(0.2 1 19.16)
(0.6 1 19.16)
(1 1 19.16)
(-1 -1 19.58)
(-0.6 -1 19.58)
(-0.2 -1 19.58)
(0.2 -1 19.58)
(0.6 -1 19.58)
(1 -1 19.58)
(-1 -0.6 19.58)
(-0.6 -0.6 19.58)
(-0.2 -0.6 19.58)
(0.2 -0.6 19.58)
(0.6 -0.6 19.58)
(1 -0.6 19.58)
(-1 -0.2 19.58)
(-0.6 -0.2 19.58)
(-0.2 -0.2 19.58)
(0.2 -0.2 19.58)
(0.6 -0.2 19.58)
(1 -0.2 19.58)
(-1 0.2 19.58)
(-0.6 0.2 19.58)
(-0.2 0.2 19.58)
(0.2 0.2 19.58)
(0.6 0.2 19.58)
(1 0.2 19.58)
(-1 0.6 19.58)
(-0.6 0.6 19.58)
(-0.2 0.6 19.58)
(0.2 0.6 19.58)
(0.6 0.6 19.58)
(1 0.6 19.58)
(-1 1 19.58)
(-0.6 1 19.58)
(-0.2 1 19.58)
(0.2 1 19.58)
(0.6 1 19.58)
(1 1 19.58)
(-1 -1 20)
(-0.6 -1 20)
(-0.2 -1 20)
(0.2 -1 20)
(0.6 -1 20)
(1 -1 20)
(-1 -0.6 20)
(-0.6 -0.6 20)
(-0.2 -0.6 20)
(0.2 -0.6 20)
(0.6 -0.6 20)
(1 -0.6 20)
(-1 -0.2 20)
(-0.6 -0.2 20)
(-0.2 -0.2 20)
(0.2 -0.2 20)
(0.6 -0.2 20)
(1 -0.2 20)
(-1 0.2 20)
(-0.6 0.2 20)
(-0.2 0.2 20)
(0.2 0.2 20)
(0.6 0.2 20)
(1 0.2 20)
(-1 0.6 20)
(-0.6 0.6 20)
(-0.2 0.6 20)
(0.2 0.6 20)
(0.6 0.6 20)
(1 0.6 20)
(-1 1 20)
(-0.6 1 20)
(-0.2 1 20)
(0.2 1 20)
(0.6 1 20)
(1 1 20)
(-1 -1 20.42)
(-0.6 -1 20.42)
(-0.2 -1 20.42)
(0.2 -1 20.42)
(0.6 -1 20.42)
(1 -1 20.42)
(-1 -0.6 20.42)
(-0.6 -0.6 20.42)
(-0.2 -0.6 20.42)
(0.2 -0.6 20.42)
(0.6 -0.6 20.42)
(1 -0.6 20.42)
(-1 -0.2 20.42)
(-0.6 -0.2 20.42)
(-0.2 -0.2 20.42)
(0.2 -0.2 20.42)
(0.6 -0.2 20.42)
(1 -0.2 20.42)
(-1 0.2 20.42)
(-0.6 0.2 20.42)
(-0.2 0.2 20.42)
(0.2 0.2 20.42)
(0.6 0.2 20.42)
(1 0.2 20.42)
(-1 0.6 20.42)
(-0.6 0.6 20.42)
(-0.2 0.6 20.42)
(0.2 0.6 20.42)
(0.6 0.6 20.42)
(1 0.6 20.42)
(-1 1 20.42)
(-0.6 1 20.42)
(-0.2 1 20.42)
(0.2 1 20.42)
(0.6 1 20.42)
(1 1 20.42)
(-1 -1 20.84)
(-0.6 -1 20.84)
(-0.2 -1 20.84)
(0.2 -1 20.84)
(0.6 -1 20.84)
(1 -1 20.84)
(-1 -0.6 20.84)
(-0.6 -0.6 20.84)
(-0.2 -0.6 20.84)
(0.2 -0.6 20.84)
(0.6 -0.6 20.84)
(1 -0.6 20.84)
(-1 -0.2 20.84)
(-0.6 -0.2 20.84)
(-0.2 -0.2 20.84)
(0.2 -0.2 20.84)
(0.6 -0.2 20.84)
(1 -0.2 20.84)
(-1 0.2 20.84)
(-0.6 0.2 20.84)
(-0.2 0.2 20.84)
(0.2 0.2 20.84)
(0.6 0.2 20.84)
(1 0.2 20.84)
(-1 0.6 20.84)
(-0.6 0.6 20.84)
(-0.2 0.6 20.84)
(0.2 0.6 20.84)
(0.6 0.6 20.84)
(1 0.6 20.84)
(-1 1 20.84)
(-0.6 1 20.84)
(-0.2 1 20.84)
(0.2 1 20.84)
(0.6 1 20.84)
(1 1 20.84)
(-1 -1 21.26)
(-0.6 -1 21.26)
(-0.2 -1 21.26)
(0.2 -1 21.26)
(0.6 -1 21.26)
(1 -1 21.26)
(-1 -0.6 21.26)
(-0.6 -0.6 21.26)
(-0.2 -0.6 21.26)
(0.2 -0.6 21.26)
(0.6 -0.6 21.26)
(1 -0.6 21.26)
(-1 -0.2 21.26)
(-0.6 -0.2 21.26)
(-0.2 -0.2 21.26)
(0.2 -0.2 21.26)
(0.6 -0.2 21.26)
(1 -0.2 21.26)
(-1 0.2 21.26)
(-0.6 0.2 21.26)
(-0.2 0.2 21.26)
(0.2 0.2 21.26)
(0.6 0.2 21.26)
(1 0.2 21.26)
(-1 0.6 21.26)
(-0.6 0.6 21.26)
(-0.2 0.6 21.26)
(0.2 0.6 21.26)
(0.6 0.6 21.26)
(1 0.6 21.26)
(-1 1 21.26)
(-0.6 1 21.26)
(-0.2 1 21.26)
(0.2 1 21.26)
(0.6 1 21.26)
(1 1 21.26)
(-1 -1 21.68)
(-0.6 -1 21.68)
(-0.2 -1 21.68)
(0.2 -1 21.68)
(0.6 -1 21.68)
(1 -1 21.68)
(-1 -0.6 21.68)
(-0.6 -0.6 21.68)
(-0.2 -0.6 21.68)
(0.2 -0.6 21.68)
(0.6 -0.6 21.68)
(1 -0.6 21.68)
(-1 -0.2 21.68)
(-0.6 -0.2 21.68)
(-0.2 -0.2 21.68)
(0.2 -0.2 21.68)
(0.6 -0.2 21.68)
(1 -0.2 21.68)
(-1 0.2 21.68)
(-0.6 0.2 21.68)
(-0.2 0.2 21.68)
(0.2 0.2 21.68)
(0.6 0.2 21.68)
(1 0.2 21.68)
(-1 0.6 21.68)
(-0.6 0.6 21.68)
(-0.2 0.6 21.68)
(0.2 0.6 21.68)
(0.6 0.6 21.68)
(1 0.6 21.68)
(-1 1 21.68)
(-0.6 1 21.68)
(-0.2 1 21.68)
(0.2 1 21.68)
(0.6 1 21.68)
(1 1 21.68)
(-1 -1 22.1)
(-0.6 -1 22.1)
(-0.2 -1 22.1)
(0.2 -1 22.1)
(0.6 -1 22.1)
(1 -1 22.1)
(-1 -0.6 22.1)
(-0.6 -0.6 22.1)
(-0.2 -0.6 22.1)
(0.2 -0.6 22.1)
(0.6 -0.6 22.1)
(1 -0.6 22.1)
(-1 -0.2 22.1)
(-0.6 -0.2 22.1)
(-0.2 -0.2 22.1)
(0.2 -0.2 22.1)
(0.6 -0.2 22.1)
(1 -0.2 22.1)
(-1 0.2 22.1)
(-0.6 0.2 22.1)
(-0.2 0.2 22.1)
(0.2 0.2 22.1)
(0.6 0.2 22.1)
(1 0.2 22.1)
(-1 0.6 22.1)
(-0.6 0.6 22.1)
(-0.2 0.6 22.1)
(0.2 0.6 22.1)
(0.6 0.6 22.1)
(1 0.6 22.1)
(-1 1 22.1)
(-0.6 1 22.1)
(-0.2 1 22.1)
(0.2 1 22.1)
(0.6 1 22.1)
(1 1 22.1)
(-1 -1 22.52)
(-0.6 -1 22.52)
(-0.2 -1 22.52)
(0.2 -1 22.52)
(0.6 -1 22.52)
(1 -1 22.52)
(-1 -0.6 22.52)
(-0.6 -0.6 22.52)
(-0.2 -0.6 22.52)
(0.2 -0.6 22.52)
(0.6 -0.6 22.52)
(1 -0.6 22.52)
(-1 -0.2 22.52)
(-0.6 -0.2 22.52)
(-0.2 -0.2 22.52)
(0.2 -0.2 22.52)
(0.6 -0.2 22.52)
(1 -0.2 22.52)
(-1 0.2 22.52)
(-0.6 0.2 22.52)
(-0.2 0.2 22.52)
(0.2 0.2 22.52)
(0.6 0.2 22.52)
(1 0.2 22.52)
(-1 0.6 22.52)
(-0.6 0.6 22.52)
(-0.2 0.6 22.52)
(0.2 0.6 22.52)
(0.6 0.6 22.52)
(1 0.6 22.52)
(-1 1 22.52)
(-0.6 1 22.52)
(-0.2 1 22.52)
(0.2 1 22.52)
(0.6 1 22.52)
(1 1 22.52)
(-1 -1 22.94)
(-0.6 -1 22.94)
(-0.2 -1 22.94)
(0.2 -1 22.94)
(0.6 -1 22.94)
(1 -1 22.94)
(-1 -0.6 22.94)
(-0.6 -0.6 22.94)
(-0.2 -0.6 22.94)
(0.2 -0.6 22.94)
(0.6 -0.6 22.94)
(1 -0.6 22.94)
(-1 -0.2 22.94)
(-0.6 -0.2 22.94)
(-0.2 -0.2 22.94)
(0.2 -0.2 22.94)
(0.6 -0.2 22.94)
(1 -0.2 22.94)
(-1 0.2 22.94)
(-0.6 0.2 22.94)
(-0.2 0.2 22.94)
(0.2 0.2 22.94)
(0.6 0.2 22.94)
(1 0.2 22.94)
(-1 0.6 22.94)
(-0.6 0.6 22.94)
(-0.2 0.6 22.94)
(0.2 0.6 22.94)
(0.6 0.6 22.94)
(1 0.6 22.94)
(-1 1 22.94)
(-0.6 1 22.94)
(-0.2 1 22.94)
(0.2 1 22.94)
(0.6 1 22.94)
(1 1 22.94)
(-1 -1 23.36)
(-0.6 -1 23.36)
(-0.2 -1 23.36)
(0.2 -1 23.36)
(0.6 -1 23.36)
(1 -1 23.36)
(-1 -0.6 23.36)
(-0.6 -0.6 23.36)
(-0.2 -0.6 23.36)
(0.2 -0.6 23.36)
(0.6 -0.6 23.36)
(1 -0.6 23.36)
(-1 -0.2 23.36)
(-0.6 -0.2 23.36)
(-0.2 -0.2 23.36)
(0.2 -0.2 23.36)
(0.6 -0.2 23.36)
(1 -0.2 23.36)
(-1 0.2 23.36)
(-0.6 0.2 23.36)
(-0.2 0.2 23.36)
(0.2 0.2 23.36)
(0.6 0.2 23.36)
(1 0.2 23.36)
(-1 0.6 23.36)
(-0.6 0.6 23.36)
(-0.2 0.6 23.36)
(0.2 0.6 23.36)
(0.6 0.6 23.36)
(1 0.6 23.36)
(-1 1 23.36)
(-0.6 1 23.36)
(-0.2 1 23.36)
(0.2 1 23.36)
(0.6 1 23.36)
(1 1 23.36)
(-1 -1 23.78)
(-0.6 -1 23.78)
(-0.2 -1 23.78)
(0.2 -1 23.78)
(0.6 -1 23.78)
(1 -1 23.78)
(-1 -0.6 23.78)
(-0.6 -0.6 23.78)
(-0.2 -0.6 23.78)
(0.2 -0.6 23.78)
(0.6 -0.6 23.78)
(1 -0.6 23.78)
(-1 -0.2 23.78)
(-0.6 -0.2 23.78)
(-0.2 -0.2 23.78)
(0.2 -0.2 23.78)
(0.6 -0.2 23.78)
(1 -0.2 23.78)
(-1 0.2 23.78)
(-0.6 0.2 23.78)
(-0.2 0.2 23.78)
(0.2 0.2 23.78)
(0.6 0.2 23.78)
(1 0.2 23.78)
(-1 0.6 23.78)
(-0.6 0.6 23.78)
(-0.2 0.6 23.78)
(0.2 0.6 23.78)
(0.6 0.6 23.78)
(1 0.6 23.78)
(-1 1 23.78)
(-0.6 1 23.78)
(-0.2 1 23.78)
(0.2 1 23.78)
(0.6 1 23.78)
(1 1 23.78)
(-1 -1 24.2)
(-0.6 -1 24.2)
(-0.2 -1 24.2)
(0.2 -1 24.2)
(0.6 -1 24.2)
(1 -1 24.2)
(-1 -0.6 24.2)
(-0.6 -0.6 24.2)
(-0.2 -0.6 24.2)
(0.2 -0.6 24.2)
(0.6 -0.6 24.2)
(1 -0.6 24.2)
(-1 -0.2 24.2)
(-0.6 -0.2 24.2)
(-0.2 -0.2 24.2)
(0.2 -0.2 24.2)
(0.6 -0.2 24.2)
(1 -0.2 24.2)
(-1 0.2 24.2)
(-0.6 0.2 24.2)
(-0.2 0.2 24.2)
(0.2 0.2 24.2)
(0.6 0.2 24.2)
(1 0.2 24.2)
(-1 0.6 24.2)
(-0.6 0.6 24.2)
(-0.2 0.6 24.2)
(0.2 0.6 24.2)
(0.6 0.6 24.2)
(1 0.6 24.2)
(-1 1 24.2)
(-0.6 1 24.2)
(-0.2 1 24.2)
(0.2 1 24.2)
(0.6 1 24.2)
(1 1 24.2)
(-1 -1 24.62)
(-0.6 -1 24.62)
(-0.2 -1 24.62)
(0.2 -1 24.62)
(0.6 -1 24.62)
(1 -1 24.62)
(-1 -0.6 24.62)
(-0.6 -0.6 24.62)
(-0.2 -0.6 24.62)
(0.2 -0.6 24.62)
(0.6 -0.6 24.62)
(1 -0.6 24.62)
(-1 -0.2 24.62)
(-0.6 -0.2 24.62)
(-0.2 -0.2 24.62)
(0.2 -0.2 24.62)
(0.6 -0.2 24.62)
(1 -0.2 24.62)
(-1 0.2 24.62)
(-0.6 0.2 24.62)
(-0.2 0.2 24.62)
(0.2 0.2 24.62)
(0.6 0.2 24.62)
(1 0.2 24.62)
(-1 0.6 24.62)
(-0.6 0.6 24.62)
(-0.2 0.6 24.62)
(0.2 0.6 24.62)
(0.6 0.6 24.62)
(1 0.6 24.62)
(-1 1 24.62)
(-0.6 1 24.62)
(-0.2 1 24.62)
(0.2 1 24.62)
(0.6 1 24.62)
(1 1 24.62)
(-1 -1 25.04)
(-0.6 -1 25.04)
(-0.2 -1 25.04)
(0.2 -1 25.04)
(0.6 -1 25.04)
(1 -1 25.04)
(-1 -0.6 25.04)
(-0.6 -0.6 25.04)
(-0.2 -0.6 25.04)
(0.2 -0.6 25.04)
(0.6 -0.6 25.04)
(1 -0.6 25.04)
(-1 -0.2 25.04)
(-0.6 -0.2 25.04)
(-0.2 -0.2 25.04)
(0.2 -0.2 25.04)
(0.6 -0.2 25.04)
(1 -0.2 25.04)
(-1 0.2 25.04)
(-0.6 0.2 25.04)
(-0.2 0.2 25.04)
(0.2 0.2 25.04)
(0.6 0.2 25.04)
(1 0.2 25.04)
(-1 0.6 25.04)
(-0.6 0.6 25.04)
(-0.2 0.6 25.04)
(0.2 0.6 25.04)
(0.6 0.6 25.04)
(1 0.6 25.04)
(-1 1 25.04)
(-0.6 1 25.04)
(-0.2 1 25.04)
(0.2 1 25.04)
(0.6 1 25.04)
(1 1 25.04)
(-1 -1 25.46)
(-0.6 -1 25.46)
(-0.2 -1 25.46)
(0.2 -1 25.46)
(0.6 -1 25.46)
(1 -1 25.46)
(-1 -0.6 25.46)
(-0.6 -0.6 25.46)
(-0.2 -0.6 25.46)
(0.2 -0.6 25.46)
(0.6 -0.6 25.46)
(1 -0.6 25.46)
(-1 -0.2 25.46)
(-0.6 -0.2 25.46)
(-0.2 -0.2 25.46)
(0.2 -0.2 25.46)
(0.6 -0.2 25.46)
(1 -0.2 25.46)
(-1 0.2 25.46)
(-0.6 0.2 25.46)
(-0.2 0.2 25.46)
(0.2 0.2 25.46)
(0.6 0.2 25.46)
(1 0.2 25.46)
(-1 0.6 25.46)
(-0.6 0.6 25.46)
(-0.2 0.6 25.46)
(0.2 0.6 25.46)
(0.6 0.6 25.46)
(1 0.6 25.46)
(-1 1 25.46)
(-0.6 1 25.46)
(-0.2 1 25.46)
(0.2 1 25.46)
(0.6 1 25.46)
(1 1 25.46)
(-1 -1 25.88)
(-0.6 -1 25.88)
(-0.2 -1 25.88)
(0.2 -1 25.88)
(0.6 -1 25.88)
(1 -1 25.88)
(-1 -0.6 25.88)
(-0.6 -0.6 25.88)
(-0.2 -0.6 25.88)
(0.2 -0.6 25.88)
(0.6 -0.6 25.88)
(1 -0.6 25.88)
(-1 -0.2 25.88)
(-0.6 -0.2 25.88)
(-0.2 -0.2 25.88)
(0.2 -0.2 25.88)
(0.6 -0.2 25.88)
(1 -0.2 25.88)
(-1 0.2 25.88)
(-0.6 0.2 25.88)
(-0.2 0.2 25.88)
(0.2 0.2 25.88)
(0.6 0.2 25.88)
(1 0.2 25.88)
(-1 0.6 25.88)
(-0.6 0.6 25.88)
(-0.2 0.6 25.88)
(0.2 0.6 25.88)
(0.6 0.6 25.88)
(1 0.6 25.88)
(-1 1 25.88)
(-0.6 1 25.88)
(-0.2 1 25.88)
(0.2 1 25.88)
(0.6 1 25.88)
(1 1 25.88)
(-1 -1 26.3)
(-0.6 -1 26.3)
(-0.2 -1 26.3)
(0.2 -1 26.3)
(0.6 -1 26.3)
(1 -1 26.3)
(-1 -0.6 26.3)
(-0.6 -0.6 26.3)
(-0.2 -0.6 26.3)
(0.2 -0.6 26.3)
(0.6 -0.6 26.3)
(1 -0.6 26.3)
(-1 -0.2 26.3)
(-0.6 -0.2 26.3)
(-0.2 -0.2 26.3)
(0.2 -0.2 26.3)
(0.6 -0.2 26.3)
(1 -0.2 26.3)
(-1 0.2 26.3)
(-0.6 0.2 26.3)
(-0.2 0.2 26.3)
(0.2 0.2 26.3)
(0.6 0.2 26.3)
(1 0.2 26.3)
(-1 0.6 26.3)
(-0.6 0.6 26.3)
(-0.2 0.6 26.3)
(0.2 0.6 26.3)
(0.6 0.6 26.3)
(1 0.6 26.3)
(-1 1 26.3)
(-0.6 1 26.3)
(-0.2 1 26.3)
(0.2 1 26.3)
(0.6 1 26.3)
(1 1 26.3)
(-1 -1 26.72)
(-0.6 -1 26.72)
(-0.2 -1 26.72)
(0.2 -1 26.72)
(0.6 -1 26.72)
(1 -1 26.72)
(-1 -0.6 26.72)
(-0.6 -0.6 26.72)
(-0.2 -0.6 26.72)
(0.2 -0.6 26.72)
(0.6 -0.6 26.72)
(1 -0.6 26.72)
(-1 -0.2 26.72)
(-0.6 -0.2 26.72)
(-0.2 -0.2 26.72)
(0.2 -0.2 26.72)
(0.6 -0.2 26.72)
(1 -0.2 26.72)
(-1 0.2 26.72)
(-0.6 0.2 26.72)
(-0.2 0.2 26.72)
(0.2 0.2 26.72)
(0.6 0.2 26.72)
(1 0.2 26.72)
(-1 0.6 26.72)
(-0.6 0.6 26.72)
(-0.2 0.6 26.72)
(0.2 0.6 26.72)
(0.6 0.6 26.72)
(1 0.6 26.72)
(-1 1 26.72)
(-0.6 1 26.72)
(-0.2 1 26.72)
(0.2 1 26.72)
(0.6 1 26.72)
(1 1 26.72)
(-1 -1 27.14)
(-0.6 -1 27.14)
(-0.2 -1 27.14)
(0.2 -1 27.14)
(0.6 -1 27.14)
(1 -1 27.14)
(-1 -0.6 27.14)
(-0.6 -0.6 27.14)
(-0.2 -0.6 27.14)
(0.2 -0.6 27.14)
(0.6 -0.6 27.14)
(1 -0.6 27.14)
(-1 -0.2 27.14)
(-0.6 -0.2 27.14)
(-0.2 -0.2 27.14)
(0.2 -0.2 27.14)
(0.6 -0.2 27.14)
(1 -0.2 27.14)
(-1 0.2 27.14)
(-0.6 0.2 27.14)
(-0.2 0.2 27.14)
(0.2 0.2 27.14)
(0.6 0.2 27.14)
(1 0.2 27.14)
(-1 0.6 27.14)
(-0.6 0.6 27.14)
(-0.2 0.6 27.14)
(0.2 0.6 27.14)
(0.6 0.6 27.14)
(1 0.6 27.14)
(-1 1 27.14)
(-0.6 1 27.14)
(-0.2 1 27.14)
(0.2 1 27.14)
(0.6 1 27.14)
(1 1 27.14)
(-1 -1 27.56)
(-0.6 -1 27.56)
(-0.2 -1 27.56)
(0.2 -1 27.56)
(0.6 -1 27.56)
(1 -1 27.56)
(-1 -0.6 27.56)
(-0.6 -0.6 27.56)
(-0.2 -0.6 27.56)
(0.2 -0.6 27.56)
(0.6 -0.6 27.56)
(1 -0.6 27.56)
(-1 -0.2 27.56)
(-0.6 -0.2 27.56)
(-0.2 -0.2 27.56)
(0.2 -0.2 27.56)
(0.6 -0.2 27.56)
(1 -0.2 27.56)
(-1 0.2 27.56)
(-0.6 0.2 27.56)
(-0.2 0.2 27.56)
(0.2 0.2 27.56)
(0.6 0.2 27.56)
(1 0.2 27.56)
(-1 0.6 27.56)
(-0.6 0.6 27.56)
(-0.2 0.6 27.56)
(0.2 0.6 27.56)
(0.6 0.6 27.56)
(1 0.6 27.56)
(-1 1 27.56)
(-0.6 1 27.56)
(-0.2 1 27.56)
(0.2 1 27.56)
(0.6 1 27.56)
(1 1 27.56)
(-1 -1 27.98)
(-0.6 -1 27.98)
(-0.2 -1 27.98)
(0.2 -1 27.98)
(0.6 -1 27.98)
(1 -1 27.98)
(-1 -0.6 27.98)
(-0.6 -0.6 27.98)
(-0.2 -0.6 27.98)
(0.2 -0.6 27.98)
(0.6 -0.6 27.98)
(1 -0.6 27.98)
(-1 -0.2 27.98)
(-0.6 -0.2 27.98)
(-0.2 -0.2 27.98)
(0.2 -0.2 27.98)
(0.6 -0.2 27.98)
(1 -0.2 27.98)
(-1 0.2 27.98)
(-0.6 0.2 27.98)
(-0.2 0.2 27.98)
(0.2 0.2 27.98)
(0.6 0.2 27.98)
(1 0.2 27.98)
(-1 0.6 27.98)
(-0.6 0.6 27.98)
(-0.2 0.6 27.98)
(0.2 0.6 27.98)
(0.6 0.6 27.98)
(1 0.6 27.98)
(-1 1 27.98)
(-0.6 1 27.98)
(-0.2 1 27.98)
(0.2 1 27.98)
(0.6 1 27.98)
(1 1 27.98)
(-1 -1 28.4)
(-0.6 -1 28.4)
(-0.2 -1 28.4)
(0.2 -1 28.4)
(0.6 -1 28.4)
(1 -1 28.4)
(-1 -0.6 28.4)
(-0.6 -0.6 28.4)
(-0.2 -0.6 28.4)
(0.2 -0.6 28.4)
(0.6 -0.6 28.4)
(1 -0.6 28.4)
(-1 -0.2 28.4)
(-0.6 -0.2 28.4)
(-0.2 -0.2 28.4)
(0.2 -0.2 28.4)
(0.6 -0.2 28.4)
(1 -0.2 28.4)
(-1 0.2 28.4)
(-0.6 0.2 28.4)
(-0.2 0.2 28.4)
(0.2 0.2 28.4)
(0.6 0.2 28.4)
(1 0.2 28.4)
(-1 0.6 28.4)
(-0.6 0.6 28.4)
(-0.2 0.6 28.4)
(0.2 0.6 28.4)
(0.6 0.6 28.4)
(1 0.6 28.4)
(-1 1 28.4)
(-0.6 1 28.4)
(-0.2 1 28.4)
(0.2 1 28.4)
(0.6 1 28.4)
(1 1 28.4)
(-1 -1 28.82)
(-0.6 -1 28.82)
(-0.2 -1 28.82)
(0.2 -1 28.82)
(0.6 -1 28.82)
(1 -1 28.82)
(-1 -0.6 28.82)
(-0.6 -0.6 28.82)
(-0.2 -0.6 28.82)
(0.2 -0.6 28.82)
(0.6 -0.6 28.82)
(1 -0.6 28.82)
(-1 -0.2 28.82)
(-0.6 -0.2 28.82)
(-0.2 -0.2 28.82)
(0.2 -0.2 28.82)
(0.6 -0.2 28.82)
(1 -0.2 28.82)
(-1 0.2 28.82)
(-0.6 0.2 28.82)
(-0.2 0.2 28.82)
(0.2 0.2 28.82)
(0.6 0.2 28.82)
(1 0.2 28.82)
(-1 0.6 28.82)
(-0.6 0.6 28.82)
(-0.2 0.6 28.82)
(0.2 0.6 28.82)
(0.6 0.6 28.82)
(1 0.6 28.82)
(-1 1 28.82)
(-0.6 1 28.82)
(-0.2 1 28.82)
(0.2 1 28.82)
(0.6 1 28.82)
(1 1 28.82)
(-1 -1 29.24)
(-0.6 -1 29.24)
(-0.2 -1 29.24)
(0.2 -1 29.24)
(0.6 -1 29.24)
(1 -1 29.24)
(-1 -0.6 29.24)
(-0.6 -0.6 29.24)
(-0.2 -0.6 29.24)
(0.2 -0.6 29.24)
(0.6 -0.6 29.24)
(1 -0.6 29.24)
(-1 -0.2 29.24)
(-0.6 -0.2 29.24)
(-0.2 -0.2 29.24)
(0.2 -0.2 29.24)
(0.6 -0.2 29.24)
(1 -0.2 29.24)
(-1 0.2 29.24)
(-0.6 0.2 29.24)
(-0.2 0.2 29.24)
(0.2 0.2 29.24)
(0.6 0.2 29.24)
(1 0.2 29.24)
(-1 0.6 29.24)
(-0.6 0.6 29.24)
(-0.2 0.6 29.24)
(0.2 0.6 29.24)
(0.6 0.6 29.24)
(1 0.6 29.24)
(-1 1 29.24)
(-0.6 1 29.24)
(-0.2 1 29.24)
(0.2 1 29.24)
(0.6 1 29.24)
(1 1 29.24)
(-1 -1 29.66)
(-0.6 -1 29.66)
(-0.2 -1 29.66)
(0.2 -1 29.66)
(0.6 -1 29.66)
(1 -1 29.66)
(-1 -0.6 29.66)
(-0.6 -0.6 29.66)
(-0.2 -0.6 29.66)
(0.2 -0.6 29.66)
(0.6 -0.6 29.66)
(1 -0.6 29.66)
(-1 -0.2 29.66)
(-0.6 -0.2 29.66)
(-0.2 -0.2 29.66)
(0.2 -0.2 29.66)
(0.6 -0.2 29.66)
(1 -0.2 29.66)
(-1 0.2 29.66)
(-0.6 0.2 29.66)
(-0.2 0.2 29.66)
(0.2 0.2 29.66)
(0.6 0.2 29.66)
(1 0.2 29.66)
(-1 0.6 29.66)
(-0.6 0.6 29.66)
(-0.2 0.6 29.66)
(0.2 0.6 29.66)
(0.6 0.6 29.66)
(1 0.6 29.66)
(-1 1 29.66)
(-0.6 1 29.66)
(-0.2 1 29.66)
(0.2 1 29.66)
(0.6 1 29.66)
(1 1 29.66)
(-1 -1 30.08)
(-0.6 -1 30.08)
(-0.2 -1 30.08)
(0.2 -1 30.08)
(0.6 -1 30.08)
(1 -1 30.08)
(-1 -0.6 30.08)
(-0.6 -0.6 30.08)
(-0.2 -0.6 30.08)
(0.2 -0.6 30.08)
(0.6 -0.6 30.08)
(1 -0.6 30.08)
(-1 -0.2 30.08)
(-0.6 -0.2 30.08)
(-0.2 -0.2 30.08)
(0.2 -0.2 30.08)
(0.6 -0.2 30.08)
(1 -0.2 30.08)
(-1 0.2 30.08)
(-0.6 0.2 30.08)
(-0.2 0.2 30.08)
(0.2 0.2 30.08)
(0.6 0.2 30.08)
(1 0.2 30.08)
(-1 0.6 30.08)
(-0.6 0.6 30.08)
(-0.2 0.6 30.08)
(0.2 0.6 30.08)
(0.6 0.6 30.08)
(1 0.6 30.08)
(-1 1 30.08)
(-0.6 1 30.08)
(-0.2 1 30.08)
(0.2 1 30.08)
(0.6 1 30.08)
(1 1 30.08)
(-1 -1 30.5)
(-0.6 -1 30.5)
(-0.2 -1 30.5)
(0.2 -1 30.5)
(0.6 -1 30.5)
(1 -1 30.5)
(-1 -0.6 30.5)
(-0.6 -0.6 30.5)
(-0.2 -0.6 30.5)
(0.2 -0.6 30.5)
(0.6 -0.6 30.5)
(1 -0.6 30.5)
(-1 -0.2 30.5)
(-0.6 -0.2 30.5)
(-0.2 -0.2 30.5)
(0.2 -0.2 30.5)
(0.6 -0.2 30.5)
(1 -0.2 30.5)
(-1 0.2 30.5)
(-0.6 0.2 30.5)
(-0.2 0.2 30.5)
(0.2 0.2 30.5)
(0.6 0.2 30.5)
(1 0.2 30.5)
(-1 0.6 30.5)
(-0.6 0.6 30.5)
(-0.2 0.6 30.5)
(0.2 0.6 30.5)
(0.6 0.6 30.5)
(1 0.6 30.5)
(-1 1 30.5)
(-0.6 1 30.5)
(-0.2 1 30.5)
(0.2 1 30.5)
(0.6 1 30.5)
(1 1 30.5)
(-1 -1 30.92)
(-0.6 -1 30.92)
(-0.2 -1 30.92)
(0.2 -1 30.92)
(0.6 -1 30.92)
(1 -1 30.92)
(-1 -0.6 30.92)
(-0.6 -0.6 30.92)
(-0.2 -0.6 30.92)
(0.2 -0.6 30.92)
(0.6 -0.6 30.92)
(1 -0.6 30.92)
(-1 -0.2 30.92)
(-0.6 -0.2 30.92)
(-0.2 -0.2 30.92)
(0.2 -0.2 30.92)
(0.6 -0.2 30.92)
(1 -0.2 30.92)
(-1 0.2 30.92)
(-0.6 0.2 30.92)
(-0.2 0.2 30.92)
(0.2 0.2 30.92)
(0.6 0.2 30.92)
(1 0.2 30.92)
(-1 0.6 30.92)
(-0.6 0.6 30.92)
(-0.2 0.6 30.92)
(0.2 0.6 30.92)
(0.6 0.6 30.92)
(1 0.6 30.92)
(-1 1 30.92)
(-0.6 1 30.92)
(-0.2 1 30.92)
(0.2 1 30.92)
(0.6 1 30.92)
(1 1 30.92)
(-1 -1 31.34)
(-0.6 -1 31.34)
(-0.2 -1 31.34)
(0.2 -1 31.34)
(0.6 -1 31.34)
(1 -1 31.34)
(-1 -0.6 31.34)
(-0.6 -0.6 31.34)
(-0.2 -0.6 31.34)
(0.2 -0.6 31.34)
(0.6 -0.6 31.34)
(1 -0.6 31.34)
(-1 -0.2 31.34)
(-0.6 -0.2 31.34)
(-0.2 -0.2 31.34)
(0.2 -0.2 31.34)
(0.6 -0.2 31.34)
(1 -0.2 31.34)
(-1 0.2 31.34)
(-0.6 0.2 31.34)
(-0.2 0.2 31.34)
(0.2 0.2 31.34)
(0.6 0.2 31.34)
(1 0.2 31.34)
(-1 0.6 31.34)
(-0.6 0.6 31.34)
(-0.2 0.6 31.34)
(0.2 0.6 31.34)
(0.6 0.6 31.34)
(1 0.6 31.34)
(-1 1 31.34)
(-0.6 1 31.34)
(-0.2 1 31.34)
(0.2 1 31.34)
(0.6 1 31.34)
(1 1 31.34)
(-1 -1 31.76)
(-0.6 -1 31.76)
(-0.2 -1 31.76)
(0.2 -1 31.76)
(0.6 -1 31.76)
(1 -1 31.76)
(-1 -0.6 31.76)
(-0.6 -0.6 31.76)
(-0.2 -0.6 31.76)
(0.2 -0.6 31.76)
(0.6 -0.6 31.76)
(1 -0.6 31.76)
(-1 -0.2 31.76)
(-0.6 -0.2 31.76)
(-0.2 -0.2 31.76)
(0.2 -0.2 31.76)
(0.6 -0.2 31.76)
(1 -0.2 31.76)
(-1 0.2 31.76)
(-0.6 0.2 31.76)
(-0.2 0.2 31.76)
(0.2 0.2 31.76)
(0.6 0.2 31.76)
(1 0.2 31.76)
(-1 0.6 31.76)
(-0.6 0.6 31.76)
(-0.2 0.6 31.76)
(0.2 0.6 31.76)
(0.6 0.6 31.76)
(1 0.6 31.76)
(-1 1 31.76)
(-0.6 1 31.76)
(-0.2 1 31.76)
(0.2 1 31.76)
(0.6 1 31.76)
(1 1 31.76)
(-1 -1 32.18)
(-0.6 -1 32.18)
(-0.2 -1 32.18)
(0.2 -1 32.18)
(0.6 -1 32.18)
(1 -1 32.18)
(-1 -0.6 32.18)
(-0.6 -0.6 32.18)
(-0.2 -0.6 32.18)
(0.2 -0.6 32.18)
(0.6 -0.6 32.18)
(1 -0.6 32.18)
(-1 -0.2 32.18)
(-0.6 -0.2 32.18)
(-0.2 -0.2 32.18)
(0.2 -0.2 32.18)
(0.6 -0.2 32.18)
(1 -0.2 32.18)
(-1 0.2 32.18)
(-0.6 0.2 32.18)
(-0.2 0.2 32.18)
(0.2 0.2 32.18)
(0.6 0.2 32.18)
(1 0.2 32.18)
(-1 0.6 32.18)
(-0.6 0.6 32.18)
(-0.2 0.6 32.18)
(0.2 0.6 32.18)
(0.6 0.6 32.18)
(1 0.6 32.18)
(-1 1 32.18)
(-0.6 1 32.18)
(-0.2 1 32.18)
(0.2 1 32.18)
(0.6 1 32.18)
(1 1 32.18)
(-1 -1 32.6)
(-0.6 -1 32.6)
(-0.2 -1 32.6)
(0.2 -1 32.6)
(0.6 -1 32.6)
(1 -1 32.6)
(-1 -0.6 32.6)
(-0.6 -0.6 32.6)
(-0.2 -0.6 32.6)
(0.2 -0.6 32.6)
(0.6 -0.6 32.6)
(1 -0.6 32.6)
(-1 -0.2 32.6)
(-0.6 -0.2 32.6)
(-0.2 -0.2 32.6)
(0.2 -0.2 32.6)
(0.6 -0.2 32.6)
(1 -0.2 32.6)
(-1 0.2 32.6)
(-0.6 0.2 32.6)
(-0.2 0.2 32.6)
(0.2 0.2 32.6)
(0.6 0.2 32.6)
(1 0.2 32.6)
(-1 0.6 32.6)
(-0.6 0.6 32.6)
(-0.2 0.6 32.6)
(0.2 0.6 32.6)
(0.6 0.6 32.6)
(1 0.6 32.6)
(-1 1 32.6)
(-0.6 1 32.6)
(-0.2 1 32.6)
(0.2 1 32.6)
(0.6 1 32.6)
(1 1 32.6)
(-1 -1 33.02)
(-0.6 -1 33.02)
(-0.2 -1 33.02)
(0.2 -1 33.02)
(0.6 -1 33.02)
(1 -1 33.02)
(-1 -0.6 33.02)
(-0.6 -0.6 33.02)
(-0.2 -0.6 33.02)
(0.2 -0.6 33.02)
(0.6 -0.6 33.02)
(1 -0.6 33.02)
(-1 -0.2 33.02)
(-0.6 -0.2 33.02)
(-0.2 -0.2 33.02)
(0.2 -0.2 33.02)
(0.6 -0.2 33.02)
(1 -0.2 33.02)
(-1 0.2 33.02)
(-0.6 0.2 33.02)
(-0.2 0.2 33.02)
(0.2 0.2 33.02)
(0.6 0.2 33.02)
(1 0.2 33.02)
(-1 0.6 33.02)
(-0.6 0.6 33.02)
(-0.2 0.6 33.02)
(0.2 0.6 33.02)
(0.6 0.6 33.02)
(1 0.6 33.02)
(-1 1 33.02)
(-0.6 1 33.02)
(-0.2 1 33.02)
(0.2 1 33.02)
(0.6 1 33.02)
(1 1 33.02)
(-1 -1 33.44)
(-0.6 -1 33.44)
(-0.2 -1 33.44)
(0.2 -1 33.44)
(0.6 -1 33.44)
(1 -1 33.44)
(-1 -0.6 33.44)
(-0.6 -0.6 33.44)
(-0.2 -0.6 33.44)
(0.2 -0.6 33.44)
(0.6 -0.6 33.44)
(1 -0.6 33.44)
(-1 -0.2 33.44)
(-0.6 -0.2 33.44)
(-0.2 -0.2 33.44)
(0.2 -0.2 33.44)
(0.6 -0.2 33.44)
(1 -0.2 33.44)
(-1 0.2 33.44)
(-0.6 0.2 33.44)
(-0.2 0.2 33.44)
(0.2 0.2 33.44)
(0.6 0.2 33.44)
(1 0.2 33.44)
(-1 0.6 33.44)
(-0.6 0.6 33.44)
(-0.2 0.6 33.44)
(0.2 0.6 33.44)
(0.6 0.6 33.44)
(1 0.6 33.44)
(-1 1 33.44)
(-0.6 1 33.44)
(-0.2 1 33.44)
(0.2 1 33.44)
(0.6 1 33.44)
(1 1 33.44)
(-1 -1 33.86)
(-0.6 -1 33.86)
(-0.2 -1 33.86)
(0.2 -1 33.86)
(0.6 -1 33.86)
(1 -1 33.86)
(-1 -0.6 33.86)
(-0.6 -0.6 33.86)
(-0.2 -0.6 33.86)
(0.2 -0.6 33.86)
(0.6 -0.6 33.86)
(1 -0.6 33.86)
(-1 -0.2 33.86)
(-0.6 -0.2 33.86)
(-0.2 -0.2 33.86)
(0.2 -0.2 33.86)
(0.6 -0.2 33.86)
(1 -0.2 33.86)
(-1 0.2 33.86)
(-0.6 0.2 33.86)
(-0.2 0.2 33.86)
(0.2 0.2 33.86)
(0.6 0.2 33.86)
(1 0.2 33.86)
(-1 0.6 33.86)
(-0.6 0.6 33.86)
(-0.2 0.6 33.86)
(0.2 0.6 33.86)
(0.6 0.6 33.86)
(1 0.6 33.86)
(-1 1 33.86)
(-0.6 1 33.86)
(-0.2 1 33.86)
(0.2 1 33.86)
(0.6 1 33.86)
(1 1 33.86)
(-1 -1 34.28)
(-0.6 -1 34.28)
(-0.2 -1 34.28)
(0.2 -1 34.28)
(0.6 -1 34.28)
(1 -1 34.28)
(-1 -0.6 34.28)
(-0.6 -0.6 34.28)
(-0.2 -0.6 34.28)
(0.2 -0.6 34.28)
(0.6 -0.6 34.28)
(1 -0.6 34.28)
(-1 -0.2 34.28)
(-0.6 -0.2 34.28)
(-0.2 -0.2 34.28)
(0.2 -0.2 34.28)
(0.6 -0.2 34.28)
(1 -0.2 34.28)
(-1 0.2 34.28)
(-0.6 0.2 34.28)
(-0.2 0.2 34.28)
(0.2 0.2 34.28)
(0.6 0.2 34.28)
(1 0.2 34.28)
(-1 0.6 34.28)
(-0.6 0.6 34.28)
(-0.2 0.6 34.28)
(0.2 0.6 34.28)
(0.6 0.6 34.28)
(1 0.6 34.28)
(-1 1 34.28)
(-0.6 1 34.28)
(-0.2 1 34.28)
(0.2 1 34.28)
(0.6 1 34.28)
(1 1 34.28)
(-1 -1 34.7)
(-0.6 -1 34.7)
(-0.2 -1 34.7)
(0.2 -1 34.7)
(0.6 -1 34.7)
(1 -1 34.7)
(-1 -0.6 34.7)
(-0.6 -0.6 34.7)
(-0.2 -0.6 34.7)
(0.2 -0.6 34.7)
(0.6 -0.6 34.7)
(1 -0.6 34.7)
(-1 -0.2 34.7)
(-0.6 -0.2 34.7)
(-0.2 -0.2 34.7)
(0.2 -0.2 34.7)
(0.6 -0.2 34.7)
(1 -0.2 34.7)
(-1 0.2 34.7)
(-0.6 0.2 34.7)
(-0.2 0.2 34.7)
(0.2 0.2 34.7)
(0.6 0.2 34.7)
(1 0.2 34.7)
(-1 0.6 34.7)
(-0.6 0.6 34.7)
(-0.2 0.6 34.7)
(0.2 0.6 34.7)
(0.6 0.6 34.7)
(1 0.6 34.7)
(-1 1 34.7)
(-0.6 1 34.7)
(-0.2 1 34.7)
(0.2 1 34.7)
(0.6 1 34.7)
(1 1 34.7)
(-1 -1 35.12)
(-0.6 -1 35.12)
(-0.2 -1 35.12)
(0.2 -1 35.12)
(0.6 -1 35.12)
(1 -1 35.12)
(-1 -0.6 35.12)
(-0.6 -0.6 35.12)
(-0.2 -0.6 35.12)
(0.2 -0.6 35.12)
(0.6 -0.6 35.12)
(1 -0.6 35.12)
(-1 -0.2 35.12)
(-0.6 -0.2 35.12)
(-0.2 -0.2 35.12)
(0.2 -0.2 35.12)
(0.6 -0.2 35.12)
(1 -0.2 35.12)
(-1 0.2 35.12)
(-0.6 0.2 35.12)
(-0.2 0.2 35.12)
(0.2 0.2 35.12)
(0.6 0.2 35.12)
(1 0.2 35.12)
(-1 0.6 35.12)
(-0.6 0.6 35.12)
(-0.2 0.6 35.12)
(0.2 0.6 35.12)
(0.6 0.6 35.12)
(1 0.6 35.12)
(-1 1 35.12)
(-0.6 1 35.12)
(-0.2 1 35.12)
(0.2 1 35.12)
(0.6 1 35.12)
(1 1 35.12)
(-1 -1 35.54)
(-0.6 -1 35.54)
(-0.2 -1 35.54)
(0.2 -1 35.54)
(0.6 -1 35.54)
(1 -1 35.54)
(-1 -0.6 35.54)
(-0.6 -0.6 35.54)
(-0.2 -0.6 35.54)
(0.2 -0.6 35.54)
(0.6 -0.6 35.54)
(1 -0.6 35.54)
(-1 -0.2 35.54)
(-0.6 -0.2 35.54)
(-0.2 -0.2 35.54)
(0.2 -0.2 35.54)
(0.6 -0.2 35.54)
(1 -0.2 35.54)
(-1 0.2 35.54)
(-0.6 0.2 35.54)
(-0.2 0.2 35.54)
(0.2 0.2 35.54)
(0.6 0.2 35.54)
(1 0.2 35.54)
(-1 0.6 35.54)
(-0.6 0.6 35.54)
(-0.2 0.6 35.54)
(0.2 0.6 35.54)
(0.6 0.6 35.54)
(1 0.6 35.54)
(-1 1 35.54)
(-0.6 1 35.54)
(-0.2 1 35.54)
(0.2 1 35.54)
(0.6 1 35.54)
(1 1 35.54)
(-1 -1 35.96)
(-0.6 -1 35.96)
(-0.2 -1 35.96)
(0.2 -1 35.96)
(0.6 -1 35.96)
(1 -1 35.96)
(-1 -0.6 35.96)
(-0.6 -0.6 35.96)
(-0.2 -0.6 35.96)
(0.2 -0.6 35.96)
(0.6 -0.6 35.96)
(1 -0.6 35.96)
(-1 -0.2 35.96)
(-0.6 -0.2 35.96)
(-0.2 -0.2 35.96)
(0.2 -0.2 35.96)
(0.6 -0.2 35.96)
(1 -0.2 35.96)
(-1 0.2 35.96)
(-0.6 0.2 35.96)
(-0.2 0.2 35.96)
(0.2 0.2 35.96)
(0.6 0.2 35.96)
(1 0.2 35.96)
(-1 0.6 35.96)
(-0.6 0.6 35.96)
(-0.2 0.6 35.96)
(0.2 0.6 35.96)
(0.6 0.6 35.96)
(1 0.6 35.96)
(-1 1 35.96)
(-0.6 1 35.96)
(-0.2 1 35.96)
(0.2 1 35.96)
(0.6 1 35.96)
(1 1 35.96)
(-1 -1 36.38)
(-0.6 -1 36.38)
(-0.2 -1 36.38)
(0.2 -1 36.38)
(0.6 -1 36.38)
(1 -1 36.38)
(-1 -0.6 36.38)
(-0.6 -0.6 36.38)
(-0.2 -0.6 36.38)
(0.2 -0.6 36.38)
(0.6 -0.6 36.38)
(1 -0.6 36.38)
(-1 -0.2 36.38)
(-0.6 -0.2 36.38)
(-0.2 -0.2 36.38)
(0.2 -0.2 36.38)
(0.6 -0.2 36.38)
(1 -0.2 36.38)
(-1 0.2 36.38)
(-0.6 0.2 36.38)
(-0.2 0.2 36.38)
(0.2 0.2 36.38)
(0.6 0.2 36.38)
(1 0.2 36.38)
(-1 0.6 36.38)
(-0.6 0.6 36.38)
(-0.2 0.6 36.38)
(0.2 0.6 36.38)
(0.6 0.6 36.38)
(1 0.6 36.38)
(-1 1 36.38)
(-0.6 1 36.38)
(-0.2 1 36.38)
(0.2 1 36.38)
(0.6 1 36.38)
(1 1 36.38)
(-1 -1 36.8)
(-0.6 -1 36.8)
(-0.2 -1 36.8)
(0.2 -1 36.8)
(0.6 -1 36.8)
(1 -1 36.8)
(-1 -0.6 36.8)
(-0.6 -0.6 36.8)
(-0.2 -0.6 36.8)
(0.2 -0.6 36.8)
(0.6 -0.6 36.8)
(1 -0.6 36.8)
(-1 -0.2 36.8)
(-0.6 -0.2 36.8)
(-0.2 -0.2 36.8)
(0.2 -0.2 36.8)
(0.6 -0.2 36.8)
(1 -0.2 36.8)
(-1 0.2 36.8)
(-0.6 0.2 36.8)
(-0.2 0.2 36.8)
(0.2 0.2 36.8)
(0.6 0.2 36.8)
(1 0.2 36.8)
(-1 0.6 36.8)
(-0.6 0.6 36.8)
(-0.2 0.6 36.8)
(0.2 0.6 36.8)
(0.6 0.6 36.8)
(1 0.6 36.8)
(-1 1 36.8)
(-0.6 1 36.8)
(-0.2 1 36.8)
(0.2 1 36.8)
(0.6 1 36.8)
(1 1 36.8)
(-1 -1 37.22)
(-0.6 -1 37.22)
(-0.2 -1 37.22)
(0.2 -1 37.22)
(0.6 -1 37.22)
(1 -1 37.22)
(-1 -0.6 37.22)
(-0.6 -0.6 37.22)
(-0.2 -0.6 37.22)
(0.2 -0.6 37.22)
(0.6 -0.6 37.22)
(1 -0.6 37.22)
(-1 -0.2 37.22)
(-0.6 -0.2 37.22)
(-0.2 -0.2 37.22)
(0.2 -0.2 37.22)
(0.6 -0.2 37.22)
(1 -0.2 37.22)
(-1 0.2 37.22)
(-0.6 0.2 37.22)
(-0.2 0.2 37.22)
(0.2 0.2 37.22)
(0.6 0.2 37.22)
(1 0.2 37.22)
(-1 0.6 37.22)
(-0.6 0.6 37.22)
(-0.2 0.6 37.22)
(0.2 0.6 37.22)
(0.6 0.6 37.22)
(1 0.6 37.22)
(-1 1 37.22)
(-0.6 1 37.22)
(-0.2 1 37.22)
(0.2 1 37.22)
(0.6 1 37.22)
(1 1 37.22)
(-1 -1 37.64)
(-0.6 -1 37.64)
(-0.2 -1 37.64)
(0.2 -1 37.64)
(0.6 -1 37.64)
(1 -1 37.64)
(-1 -0.6 37.64)
(-0.6 -0.6 37.64)
(-0.2 -0.6 37.64)
(0.2 -0.6 37.64)
(0.6 -0.6 37.64)
(1 -0.6 37.64)
(-1 -0.2 37.64)
(-0.6 -0.2 37.64)
(-0.2 -0.2 37.64)
(0.2 -0.2 37.64)
(0.6 -0.2 37.64)
(1 -0.2 37.64)
(-1 0.2 37.64)
(-0.6 0.2 37.64)
(-0.2 0.2 37.64)
(0.2 0.2 37.64)
(0.6 0.2 37.64)
(1 0.2 37.64)
(-1 0.6 37.64)
(-0.6 0.6 37.64)
(-0.2 0.6 37.64)
(0.2 0.6 37.64)
(0.6 0.6 37.64)
(1 0.6 37.64)
(-1 1 37.64)
(-0.6 1 37.64)
(-0.2 1 37.64)
(0.2 1 37.64)
(0.6 1 37.64)
(1 1 37.64)
(-1 -1 38.06)
(-0.6 -1 38.06)
(-0.2 -1 38.06)
(0.2 -1 38.06)
(0.6 -1 38.06)
(1 -1 38.06)
(-1 -0.6 38.06)
(-0.6 -0.6 38.06)
(-0.2 -0.6 38.06)
(0.2 -0.6 38.06)
(0.6 -0.6 38.06)
(1 -0.6 38.06)
(-1 -0.2 38.06)
(-0.6 -0.2 38.06)
(-0.2 -0.2 38.06)
(0.2 -0.2 38.06)
(0.6 -0.2 38.06)
(1 -0.2 38.06)
(-1 0.2 38.06)
(-0.6 0.2 38.06)
(-0.2 0.2 38.06)
(0.2 0.2 38.06)
(0.6 0.2 38.06)
(1 0.2 38.06)
(-1 0.6 38.06)
(-0.6 0.6 38.06)
(-0.2 0.6 38.06)
(0.2 0.6 38.06)
(0.6 0.6 38.06)
(1 0.6 38.06)
(-1 1 38.06)
(-0.6 1 38.06)
(-0.2 1 38.06)
(0.2 1 38.06)
(0.6 1 38.06)
(1 1 38.06)
(-1 -1 38.48)
(-0.6 -1 38.48)
(-0.2 -1 38.48)
(0.2 -1 38.48)
(0.6 -1 38.48)
(1 -1 38.48)
(-1 -0.6 38.48)
(-0.6 -0.6 38.48)
(-0.2 -0.6 38.48)
(0.2 -0.6 38.48)
(0.6 -0.6 38.48)
(1 -0.6 38.48)
(-1 -0.2 38.48)
(-0.6 -0.2 38.48)
(-0.2 -0.2 38.48)
(0.2 -0.2 38.48)
(0.6 -0.2 38.48)
(1 -0.2 38.48)
(-1 0.2 38.48)
(-0.6 0.2 38.48)
(-0.2 0.2 38.48)
(0.2 0.2 38.48)
(0.6 0.2 38.48)
(1 0.2 38.48)
(-1 0.6 38.48)
(-0.6 0.6 38.48)
(-0.2 0.6 38.48)
(0.2 0.6 38.48)
(0.6 0.6 38.48)
(1 0.6 38.48)
(-1 1 38.48)
(-0.6 1 38.48)
(-0.2 1 38.48)
(0.2 1 38.48)
(0.6 1 38.48)
(1 1 38.48)
(-1 -1 38.9)
(-0.6 -1 38.9)
(-0.2 -1 38.9)
(0.2 -1 38.9)
(0.6 -1 38.9)
(1 -1 38.9)
(-1 -0.6 38.9)
(-0.6 -0.6 38.9)
(-0.2 -0.6 38.9)
(0.2 -0.6 38.9)
(0.6 -0.6 38.9)
(1 -0.6 38.9)
(-1 -0.2 38.9)
(-0.6 -0.2 38.9)
(-0.2 -0.2 38.9)
(0.2 -0.2 38.9)
(0.6 -0.2 38.9)
(1 -0.2 38.9)
(-1 0.2 38.9)
(-0.6 0.2 38.9)
(-0.2 0.2 38.9)
(0.2 0.2 38.9)
(0.6 0.2 38.9)
(1 0.2 38.9)
(-1 0.6 38.9)
(-0.6 0.6 38.9)
(-0.2 0.6 38.9)
(0.2 0.6 38.9)
(0.6 0.6 38.9)
(1 0.6 38.9)
(-1 1 38.9)
(-0.6 1 38.9)
(-0.2 1 38.9)
(0.2 1 38.9)
(0.6 1 38.9)
(1 1 38.9)
(-1 -1 39.32)
(-0.6 -1 39.32)
(-0.2 -1 39.32)
(0.2 -1 39.32)
(0.6 -1 39.32)
(1 -1 39.32)
(-1 -0.6 39.32)
(-0.6 -0.6 39.32)
(-0.2 -0.6 39.32)
(0.2 -0.6 39.32)
(0.6 -0.6 39.32)
(1 -0.6 39.32)
(-1 -0.2 39.32)
(-0.6 -0.2 39.32)
(-0.2 -0.2 39.32)
(0.2 -0.2 39.32)
(0.6 -0.2 39.32)
(1 -0.2 39.32)
(-1 0.2 39.32)
(-0.6 0.2 39.32)
(-0.2 0.2 39.32)
(0.2 0.2 39.32)
(0.6 0.2 39.32)
(1 0.2 39.32)
(-1 0.6 39.32)
(-0.6 0.6 39.32)
(-0.2 0.6 39.32)
(0.2 0.6 39.32)
(0.6 0.6 39.32)
(1 0.6 39.32)
(-1 1 39.32)
(-0.6 1 39.32)
(-0.2 1 39.32)
(0.2 1 39.32)
(0.6 1 39.32)
(1 1 39.32)
(-1 -1 39.74)
(-0.6 -1 39.74)
(-0.2 -1 39.74)
(0.2 -1 39.74)
(0.6 -1 39.74)
(1 -1 39.74)
(-1 -0.6 39.74)
(-0.6 -0.6 39.74)
(-0.2 -0.6 39.74)
(0.2 -0.6 39.74)
(0.6 -0.6 39.74)
(1 -0.6 39.74)
(-1 -0.2 39.74)
(-0.6 -0.2 39.74)
(-0.2 -0.2 39.74)
(0.2 -0.2 39.74)
(0.6 -0.2 39.74)
(1 -0.2 39.74)
(-1 0.2 39.74)
(-0.6 0.2 39.74)
(-0.2 0.2 39.74)
(0.2 0.2 39.74)
(0.6 0.2 39.74)
(1 0.2 39.74)
(-1 0.6 39.74)
(-0.6 0.6 39.74)
(-0.2 0.6 39.74)
(0.2 0.6 39.74)
(0.6 0.6 39.74)
(1 0.6 39.74)
(-1 1 39.74)
(-0.6 1 39.74)
(-0.2 1 39.74)
(0.2 1 39.74)
(0.6 1 39.74)
(1 1 39.74)
(-1 -1 40.16)
(-0.6 -1 40.16)
(-0.2 -1 40.16)
(0.2 -1 40.16)
(0.6 -1 40.16)
(1 -1 40.16)
(-1 -0.6 40.16)
(-0.6 -0.6 40.16)
(-0.2 -0.6 40.16)
(0.2 -0.6 40.16)
(0.6 -0.6 40.16)
(1 -0.6 40.16)
(-1 -0.2 40.16)
(-0.6 -0.2 40.16)
(-0.2 -0.2 40.16)
(0.2 -0.2 40.16)
(0.6 -0.2 40.16)
(1 -0.2 40.16)
(-1 0.2 40.16)
(-0.6 0.2 40.16)
(-0.2 0.2 40.16)
(0.2 0.2 40.16)
(0.6 0.2 40.16)
(1 0.2 40.16)
(-1 0.6 40.16)
(-0.6 0.6 40.16)
(-0.2 0.6 40.16)
(0.2 0.6 40.16)
(0.6 0.6 40.16)
(1 0.6 40.16)
(-1 1 40.16)
(-0.6 1 40.16)
(-0.2 1 40.16)
(0.2 1 40.16)
(0.6 1 40.16)
(1 1 40.16)
(-1 -1 40.58)
(-0.6 -1 40.58)
(-0.2 -1 40.58)
(0.2 -1 40.58)
(0.6 -1 40.58)
(1 -1 40.58)
(-1 -0.6 40.58)
(-0.6 -0.6 40.58)
(-0.2 -0.6 40.58)
(0.2 -0.6 40.58)
(0.6 -0.6 40.58)
(1 -0.6 40.58)
(-1 -0.2 40.58)
(-0.6 -0.2 40.58)
(-0.2 -0.2 40.58)
(0.2 -0.2 40.58)
(0.6 -0.2 40.58)
(1 -0.2 40.58)
(-1 0.2 40.58)
(-0.6 0.2 40.58)
(-0.2 0.2 40.58)
(0.2 0.2 40.58)
(0.6 0.2 40.58)
(1 0.2 40.58)
(-1 0.6 40.58)
(-0.6 0.6 40.58)
(-0.2 0.6 40.58)
(0.2 0.6 40.58)
(0.6 0.6 40.58)
(1 0.6 40.58)
(-1 1 40.58)
(-0.6 1 40.58)
(-0.2 1 40.58)
(0.2 1 40.58)
(0.6 1 40.58)
(1 1 40.58)
(-1 -1 41)
(-0.6 -1 41)
(-0.2 -1 41)
(0.2 -1 41)
(0.6 -1 41)
(1 -1 41)
(-1 -0.6 41)
(-0.6 -0.6 41)
(-0.2 -0.6 41)
(0.2 -0.6 41)
(0.6 -0.6 41)
(1 -0.6 41)
(-1 -0.2 41)
(-0.6 -0.2 41)
(-0.2 -0.2 41)
(0.2 -0.2 41)
(0.6 -0.2 41)
(1 -0.2 41)
(-1 0.2 41)
(-0.6 0.2 41)
(-0.2 0.2 41)
(0.2 0.2 41)
(0.6 0.2 41)
(1 0.2 41)
(-1 0.6 41)
(-0.6 0.6 41)
(-0.2 0.6 41)
(0.2 0.6 41)
(0.6 0.6 41)
(1 0.6 41)
(-1 1 41)
(-0.6 1 41)
(-0.2 1 41)
(0.2 1 41)
(0.6 1 41)
(1 1 41)
)


// ************************************************************************* //
